AA0 AA1 AA2 AA3 AA4 AA5 AA6 AA7 AA8 AA9 AA10 AA11 AA12 AA13 AA14 AA15 AA16 AA17 AA18 AA19 AA20 AA21 AA22 AA23 AA24 AA25 AA26 AA27 AA28 AA29 AA30 AA31 D-16-0 D-16-1 D-16-2 D-16-3 D-16-4 D-16-5 D-16-6 D-16-7 D-16-8 D-16-9 D-16-10 D-16-11 D-16-12 D-16-13 D-16-14 D-16-15 D-16-17 D-16-18 D-16-19 D-16-20 D-16-21 D-16-22 D-16-23 D-16-24 D-16-25 D-16-26 D-16-27 D-16-28 D-16-29 D-16-30 D-16-31 
01 17 06 07 01 19 06 17 17 07 16 05 05 01 02 04 07 10 17 15 16 16 11 01 07 15 12 01 05 11 14 12    045.66 028.43 025.62 029.81 039.55 042.73 038.46 048.16 050.02 038.18 049.22 035.55 040.37 036.63 010.76 038.43 020.59 018.39 034.11 026.90 022.62 019.02 015.60 042.25 056.08 049.59 054.04 056.63 053.89 056.87 053.55 
15 03 17 16 05 12 01 03 04 10 11 12 19 04 03 19 15 16 15 04 08 04 11 07 14 07 05 17 05 07 17 04    040.10 028.97 026.78 024.73 038.83 045.52 037.95 049.38 055.16 041.38 046.05 035.49 036.03 038.64 012.89 035.03 019.03 019.20 030.41 026.76 023.29 013.04 010.19 041.60 053.35 050.00 049.82 058.99 052.56 057.25 052.26 
03 02 15 11 11 02 06 14 03 16 12 06 17 08 04 10 17 16 19 14 02 10 04 08 17 09 12 15 04 04 18 07    034.14 022.86 027.68 021.03 036.93 041.34 030.62 048.51 052.05 042.91 044.37 035.95 032.37 039.22 014.81 028.88 016.27 017.50 029.37 025.71 024.43 013.70 012.58 038.98 050.12 048.96 043.39 059.51 053.85 052.98 050.19 
17 19 11 17 14 17 04 17 17 02 15 13 19 15 17 04 02 07 04 01 12 17 07 05 13 05 05 04 04 18 16 04    030.40 024.82 028.34 023.72 039.89 040.16 030.53 050.06 057.07 042.67 046.69 039.19 029.86 037.79 017.48 026.81 015.86 017.82 025.49 026.54 024.37 012.93 009.60 040.87 046.23 048.03 039.00 060.85 054.37 051.47 052.18 
01 05 12 07 03 04 10 16 04 04 01 14 07 07 03 03 14 17 17 10 19 07 04 01 17 11 14 17 01 03 16 17    032.52 027.47 029.50 022.86 034.94 037.22 028.25 044.15 052.88 037.80 041.92 038.38 027.62 034.91 014.24 025.32 012.02 019.07 021.37 028.05 026.21 018.66 014.12 041.64 045.56 049.24 037.72 054.51 048.18 045.31 051.11 
05 03 12 13 15 14 12 01 07 11 10 19 08 13 17 13 05 08 15 01 07 11 15 05 12 19 15 16 15 17 03 10    028.54 027.45 028.80 016.20 033.23 035.77 025.39 039.36 047.66 031.94 035.99 035.33 023.06 029.16 016.03 020.54 009.07 015.51 021.64 030.65 025.96 022.74 016.38 043.01 043.08 049.39 034.18 053.57 046.88 042.26 051.23 
15 07 16 07 17 16 05 08 16 19 12 07 18 15 13 05 08 09 17 16 04 16 10 18 01 07 05 04 17 15 05 17    030.43 029.61 030.90 015.49 033.18 034.30 025.48 043.28 046.75 035.07 038.95 040.18 025.90 026.19 016.02 018.52 011.26 010.25 022.58 028.11 025.36 021.48 016.89 045.48 043.39 048.14 034.66 053.98 044.74 044.00 055.36 
04 04 19 05 19 19 10 04 19 03 05 18 19 11 16 17 09 16 17 07 04 17 15 09 07 15 17 04 05 12 15 18    029.44 036.27 031.82 018.15 034.51 034.28 026.16 045.71 045.25 038.46 040.26 039.55 023.80 023.34 016.04 014.44 013.20 010.92 020.26 022.93 021.28 022.95 017.59 045.24 044.75 047.26 033.67 051.99 041.20 042.59 054.31 
05 17 07 17 07 07 10 07 06 11 18 09 11 11 07 19 01 13 01 17 05 01 05 16 09 17 14 10 16 01 05 08    026.68 036.09 030.89 019.30 035.63 034.47 025.03 039.51 040.88 034.13 033.59 032.39 018.92 016.55 014.61 009.03 014.76 010.14 019.06 020.49 024.06 026.20 022.49 039.19 043.77 041.93 032.15 046.01 040.05 042.14 052.98 
05 15 07 01 07 15 03 02 06 01 11 12 07 03 11 10 11 17 16 17 01 11 01 05 17 01 07 04 07 10 14 07    024.29 036.70 025.68 016.43 034.64 034.46 023.03 041.13 043.18 037.00 031.04 032.67 020.45 014.75 014.47 007.72 015.55 009.96 017.03 016.07 023.30 029.75 022.05 034.93 041.68 038.61 033.34 044.59 039.46 043.14 057.54 
04 04 03 10 15 19 19 11 16 03 03 04 17 19 03 03 01 07 04 09 11 14 15 15 10 07 12 10 08 07 01 07    021.34 037.94 029.77 019.03 036.13 036.73 028.90 043.25 045.13 039.29 035.55 037.16 021.49 017.68 015.54 014.11 021.41 010.57 016.55 011.99 023.03 028.23 022.37 031.59 039.54 035.39 036.74 047.16 040.31 046.34 060.57 
16 04 18 18 17 17 01 16 07 11 13 19 04 02 15 04 19 04 05 09 05 01 03 15 17 17 16 11 04 14 07 15    017.50 038.73 030.58 020.82 035.94 038.54 029.98 044.06 042.32 038.82 034.40 033.94 019.27 014.59 015.00 016.79 022.53 010.58 013.18 008.12 024.55 026.53 025.50 028.04 039.41 032.61 036.80 042.36 037.98 048.28 056.49 
13 03 11 17 04 17 05 11 11 04 10 06 08 15 18 01 04 12 17 10 03 10 09 08 11 10 12 12 02 10 02 13    028.81 027.71 018.94 025.84 030.22 014.02 024.72 019.14 027.56 024.75 029.47 037.21 038.43 039.79 017.58 026.27 025.24 022.84 016.91 030.43 023.04 010.23 024.25 017.04 014.30 027.21 036.49 016.96 032.40 035.41 024.93 
12 04 12 14 16 07 10 06 05 01 01 05 08 01 07 13 05 03 07 13 11 11 02 10 02 09 19 11 15 04 12 17    029.67 032.81 017.71 026.37 030.24 009.59 024.09 016.53 023.56 025.56 028.74 035.89 033.90 038.13 013.34 026.04 024.41 018.99 013.93 026.40 022.04 015.29 024.78 018.95 014.81 023.20 034.20 017.59 033.02 032.23 020.07 
12 07 07 13 05 15 07 09 19 12 03 10 16 15 13 11 09 14 16 07 08 14 19 01 06 18 03 17 13 17 07 16    026.61 031.41 018.83 031.05 028.88 010.37 024.52 018.30 022.03 027.00 030.98 032.77 030.22 038.49 015.24 027.17 025.51 019.88 015.04 031.33 023.99 015.40 025.60 019.72 011.27 018.31 039.60 020.01 038.24 033.45 021.84 
05 12 16 10 01 15 17 15 05 02 13 10 02 08 07 17 07 01 02 08 11 15 19 17 11 14 17 03 17 08 12 09    021.60 027.89 022.81 030.69 026.93 007.14 020.81 021.82 023.87 031.13 034.23 037.84 036.55 039.05 022.46 030.15 023.53 017.62 015.10 027.73 019.04 016.33 025.39 015.81 013.16 021.73 045.57 021.47 043.47 036.93 022.62 
05 10 16 02 08 02 04 05 19 04 06 08 12 10 05 07 01 04 10 03 05 17 12 02 20 20 14 08 07 03 10 18    021.20 026.78 025.24 029.44 027.14 008.76 014.78 020.80 025.07 034.13 034.51 042.43 038.81 038.30 021.77 030.51 018.92 013.90 015.87 021.34 017.50 019.49 025.12 014.42 017.49 024.22 042.91 024.15 041.88 033.31 024.64 
17 05 07 02 02 07 04 07 07 07 10 08 10 02 17 04 20 02 15 14 10 15 01 13 14 02 04 16 04 01 10 18    020.71 032.97 024.98 034.14 027.88 014.41 013.78 014.85 022.65 034.96 032.87 040.32 033.73 038.00 017.34 025.35 017.95 015.61 018.42 021.80 020.09 025.85 026.00 015.64 018.33 023.71 038.86 027.66 042.56 036.07 027.17 
02 12 16 02 15 11 01 10 04 01 15 07 01 02 12 08 07 17 07 08 07 17 17 03 14 09 03 06 11 09 05 19    058.05 054.79 046.74 048.65 054.41 031.56 047.69 036.15 030.36 052.17 022.57 029.01 028.92 035.59 046.04 020.82 024.11 025.00 033.90 027.71 015.91 013.90 012.09 035.42 057.28 058.49 029.02 036.93 047.17 039.60 046.23 
01 04 07 14 07 07 17 10 07 07 07 17 17 13 03 11 15 04 11 02 14 15 15 19 02 02 07 10 11 08 10 11    058.24 054.12 049.55 047.59 059.05 034.11 053.82 039.68 036.27 054.78 022.82 032.01 027.56 039.34 048.58 019.63 026.20 025.09 040.27 027.21 020.81 019.47 017.16 041.16 060.14 059.64 033.67 035.09 044.87 038.03 046.45 
12 10 06 03 11 07 01 11 07 10 18 07 10 12 06 12 05 15 12 03 20 16 14 11 01 05 12 15 10 19 07 07    056.72 049.57 047.03 046.35 055.93 035.80 050.72 036.71 033.67 051.35 020.82 032.47 025.28 042.03 046.22 016.77 028.26 026.61 038.71 024.82 020.96 021.29 021.60 044.02 054.37 054.70 031.62 030.72 038.04 030.84 044.82 
05 03 11 02 14 08 07 08 07 14 17 01 20 12 11 14 01 15 20 07 10 04 08 17 08 03 03 01 07 07 03 07    053.17 053.87 049.01 044.35 055.96 036.89 048.05 038.22 033.12 049.17 021.46 032.94 028.31 041.38 043.92 016.43 029.60 021.05 035.58 024.74 019.47 020.41 023.50 043.42 052.27 051.52 027.33 025.05 035.39 028.19 041.07 
01 10 03 05 12 12 01 04 11 18 15 10 04 16 05 06 08 16 12 16 07 02 10 07 19 05 11 01 01 14 08 02    055.18 058.75 055.37 045.97 057.46 038.94 054.94 044.85 040.48 049.11 025.77 036.91 030.58 042.53 045.88 017.00 034.64 019.60 034.22 026.89 022.46 019.20 026.12 043.97 053.01 051.39 030.81 028.33 035.88 029.91 045.54 
13 05 03 01 05 03 12 16 07 08 14 05 13 11 14 10 12 08 15 01 09 04 05 12 03 15 08 07 10 05 04 01    052.88 054.90 057.02 044.15 055.11 039.29 057.92 046.34 042.22 047.35 028.63 034.18 027.72 047.00 045.23 016.19 034.88 022.14 037.02 031.66 020.23 021.57 032.02 047.44 055.02 050.19 031.12 025.89 035.66 028.62 041.87 
15 02 14 13 01 11 16 01 07 11 12 08 07 15 03 04 08 03 09 09 18 19 17 03 14 14 03 14 04 14 16 10    049.87 052.88 053.69 039.91 053.19 039.34 053.28 042.32 041.04 041.43 024.59 035.06 026.90 048.27 046.76 014.17 030.62 023.83 037.55 027.46 017.64 023.85 035.80 046.13 051.66 044.73 030.56 025.02 034.34 026.65 034.53 
06 12 01 09 05 02 07 16 10 12 03 16 01 12 15 07 07 13 19 05 03 17 01 07 07 17 11 18 15 03 07 10    052.08 058.97 058.80 037.60 051.66 040.68 053.35 045.62 041.27 042.42 024.40 036.54 028.50 046.97 049.62 013.23 031.89 023.45 034.09 026.42 016.53 022.18 031.96 045.03 048.68 042.59 030.90 025.32 035.79 028.58 035.32 
19 02 04 03 14 02 05 14 20 20 05 06 08 17 07 14 18 07 17 11 02 07 11 12 09 15 09 11 08 17 08 17    048.38 055.40 055.51 034.79 046.76 035.33 046.15 042.72 036.14 041.14 024.40 036.76 022.09 042.75 046.31 008.13 030.38 021.88 027.65 019.95 015.33 015.52 030.62 042.70 043.10 039.38 029.33 027.80 035.15 024.06 031.28 
08 11 09 01 15 01 07 07 10 14 10 07 10 07 20 19 14 02 10 02 12 02 01 12 03 09 10 12 04 01 07 12    050.39 054.96 053.99 032.31 044.25 032.80 044.96 045.07 036.31 040.40 024.82 039.32 026.12 046.15 046.76 013.25 026.69 022.59 026.33 017.92 017.75 014.31 025.51 043.34 039.35 038.05 031.70 027.63 037.44 025.35 033.74 
14 04 08 17 17 12 19 05 07 12 11 14 07 02 06 17 11 15 17 03 03 04 10 19 17 02 11 19 02 02 15 15    053.22 056.46 053.80 035.94 042.40 037.50 043.07 044.07 035.10 040.33 020.49 038.38 029.78 045.94 044.78 017.85 021.67 024.13 024.93 016.39 018.34 013.88 021.97 041.32 040.15 039.18 035.99 027.74 042.80 028.64 035.29 
06 02 10 01 10 03 18 11 05 05 12 07 01 01 16 14 03 01 14 05 10 03 01 12 16 11 10 02 12 16 15 19    054.52 054.76 052.32 038.28 039.13 036.36 038.63 043.69 037.78 040.68 024.08 035.75 033.43 047.06 042.98 019.84 022.36 025.48 018.28 012.86 017.27 009.29 020.15 041.63 041.68 037.24 035.11 028.69 044.92 032.76 036.25 
08 14 08 09 06 10 02 11 07 10 05 05 17 03 03 03 10 01 07 07 12 01 07 11 09 09 12 07 01 16 02 01    048.77 049.69 048.45 036.18 032.14 031.41 034.05 038.21 035.23 035.92 025.36 033.64 033.71 046.57 040.76 020.36 020.79 023.68 014.61 015.34 017.41 005.27 018.73 040.71 041.55 035.93 035.86 027.23 044.75 030.44 032.25 
16 11 02 13 20 04 14 10 07 07 01 03 17 10 09 11 02 05 15 07 12 04 17 08 06 11 05 06 04 12 08 02    049.20 048.59 046.07 035.79 028.82 029.49 028.65 036.76 036.20 038.16 025.46 036.90 033.38 044.76 040.02 020.74 018.87 026.09 013.09 014.26 013.61 008.69 023.99 042.09 042.27 032.39 034.94 028.71 044.12 033.23 035.10 
10 17 07 01 03 09 07 07 01 05 07 15 15 01 11 01 05 01 08 10 07 14 11 01 14 11 12 11 15 09 06 10    044.02 042.27 042.19 034.51 021.78 030.18 023.33 030.54 037.06 033.42 024.08 031.43 030.48 040.41 037.44 020.09 015.50 023.97 011.18 016.45 015.89 011.69 022.00 040.59 040.61 031.22 034.06 032.05 045.25 030.30 031.84 
02 11 12 13 06 08 15 17 03 12 10 10 05 04 10 06 07 12 09 05 08 08 12 14 14 08 07 03 05 06 15 06    043.66 037.30 043.42 035.74 020.05 032.77 023.62 028.06 035.99 031.87 025.62 024.90 029.38 040.77 031.61 017.61 016.65 023.32 012.37 017.25 016.47 014.41 017.53 042.75 044.00 029.30 036.23 036.96 049.04 030.07 031.13 
16 15 17 11 11 05 07 03 01 11 11 15 19 11 08 14 11 09 10 11 12 17 19 03 12 14 12 04 02 07 01 08    040.21 033.35 042.03 034.01 018.01 027.44 016.82 021.23 031.53 028.49 025.94 022.21 027.46 038.82 030.50 019.03 018.82 016.91 010.16 017.76 013.62 016.96 020.00 040.98 042.00 025.63 031.11 040.07 047.45 031.16 032.25 
03 08 16 09 10 16 10 15 05 17 17 20 14 01 10 05 10 01 02 01 04 06 04 01 03 19 20 10 04 10 11 17    040.90 034.54 038.84 034.97 016.45 026.26 013.58 019.77 033.46 027.78 023.88 018.90 027.75 033.04 025.57 016.59 016.93 013.33 012.36 017.91 016.15 018.07 016.40 042.07 042.20 026.95 029.59 044.09 047.43 032.95 032.49 
11 12 11 19 08 04 10 06 03 07 05 17 16 03 04 01 07 11 01 04 17 01 14 03 15 03 17 15 01 02 08 04    037.20 032.60 035.42 032.32 014.73 027.20 013.05 014.13 032.36 026.96 022.11 012.75 025.59 031.95 026.29 022.65 020.77 015.05 009.15 017.60 014.57 019.70 017.30 038.72 043.32 023.09 030.70 046.63 044.08 031.10 029.10 
11 10 02 10 01 19 06 17 05 15 12 07 04 08 11 08 15 01 17 01 10 19 08 08 15 12 17 04 05 18 14 11    032.61 027.58 032.54 030.87 012.60 025.29 009.45 013.02 027.40 025.12 022.99 013.70 025.41 034.18 024.05 025.34 027.47 016.85 007.51 014.77 014.12 024.74 017.57 033.99 041.11 019.56 028.19 046.13 038.18 030.10 028.32 
08 05 11 15 09 11 09 14 13 11 07 13 06 19 15 05 20 06 10 20 05 05 17 11 07 18 03 04 17 05 02 12    031.56 024.25 026.69 031.57 019.35 021.72 006.07 010.93 024.67 021.27 022.71 012.50 022.79 029.04 025.70 024.57 031.18 015.91 007.79 015.84 013.10 029.45 016.65 034.82 040.84 018.64 026.40 047.06 035.96 031.51 029.22 
12 16 02 15 11 01 10 04 01 15 07 01 02 12 08 07 17 07 08 07 17 17 03 14 09 03 06 11 09 05 19 12    034.36 027.80 027.07 034.25 022.93 026.44 012.49 007.67 030.40 020.02 018.38 007.69 018.22 027.04 022.80 024.11 030.21 019.92 013.37 010.42 010.32 027.25 019.13 035.76 045.58 022.34 028.33 046.60 033.13 033.67 028.92 
04 07 14 07 07 17 10 07 07 07 17 17 13 03 11 15 04 11 02 14 15 15 19 02 02 07 10 11 08 10 11 09    035.13 030.59 026.47 039.22 018.63 031.63 014.39 013.34 033.92 017.36 023.63 006.38 017.29 030.21 018.56 026.20 024.25 019.29 013.69 006.12 007.33 026.10 020.00 038.79 050.25 027.06 030.50 047.02 036.65 038.16 033.96 
10 06 03 11 07 01 11 07 10 18 07 10 12 06 12 05 15 12 03 20 16 14 11 01 05 12 15 10 19 07 07 07    034.94 030.67 025.88 037.13 014.96 029.55 011.86 016.17 035.07 017.04 028.00 012.91 020.23 030.09 020.85 028.26 021.18 015.26 012.24 009.34 008.31 026.34 018.91 034.36 052.21 026.86 032.00 044.96 035.80 041.58 038.36 
03 11 02 14 08 07 08 07 14 17 01 20 12 11 14 01 15 20 07 10 04 08 17 08 03 03 01 07 07 03 07 11    036.67 033.03 023.25 037.28 019.86 027.87 010.30 012.35 034.11 016.12 026.91 014.12 015.01 024.17 018.51 029.60 021.48 014.57 018.97 014.74 012.15 030.15 014.55 037.39 053.05 027.94 033.14 045.76 037.47 042.70 040.08 
10 03 05 12 12 01 04 11 18 15 10 04 16 05 06 08 16 12 16 07 02 10 07 19 05 11 01 01 14 08 02 11    040.94 037.95 025.43 036.18 023.12 031.84 015.20 015.80 034.55 013.79 027.17 016.39 011.57 026.31 021.22 034.64 024.47 009.17 024.15 021.80 016.08 028.10 009.48 039.50 055.04 028.41 038.58 045.64 038.56 047.51 044.92 
05 03 01 05 03 12 16 07 08 14 05 13 11 14 10 12 08 15 01 09 04 05 12 03 15 08 07 10 05 04 01 14    039.27 041.42 024.64 035.74 025.13 038.13 019.75 019.11 036.46 010.84 023.84 017.53 015.43 027.55 019.37 034.88 022.85 012.62 025.30 023.42 014.73 028.72 014.87 044.89 058.20 029.04 040.93 045.45 034.78 046.59 042.67 
02 14 13 01 11 16 01 07 11 12 08 07 15 03 04 08 03 09 09 18 19 17 03 14 14 03 14 04 14 16 10 11    039.94 040.82 024.81 036.35 022.98 036.64 019.64 021.88 033.60 010.11 023.13 018.58 019.56 032.30 018.23 030.62 018.84 014.99 022.12 023.50 010.82 029.41 017.91 045.45 055.68 029.27 041.29 042.01 033.37 041.47 042.69 
12 01 09 05 02 07 16 10 12 03 16 01 12 15 07 07 13 19 05 03 17 01 07 07 17 11 18 15 03 07 10 17    046.81 047.25 023.47 034.08 024.26 034.82 023.26 026.28 037.71 016.43 024.55 022.84 017.31 036.86 022.86 031.89 013.33 010.21 023.85 027.33 013.16 028.73 016.54 044.30 053.82 030.79 044.60 045.99 033.11 044.77 044.55 
02 04 03 14 02 05 14 20 20 05 06 08 17 07 14 18 07 17 11 02 07 11 12 09 15 09 11 08 17 08 17 19    048.45 049.99 029.00 033.20 028.98 034.07 025.99 026.88 039.50 019.39 026.51 025.92 017.91 038.37 026.80 030.38 015.07 009.77 026.81 030.12 016.59 025.74 021.50 044.20 056.11 032.18 050.93 051.57 033.16 045.39 049.99 
11 09 01 15 01 07 07 10 14 10 07 10 07 20 19 14 02 10 02 12 02 01 12 03 09 10 12 04 01 07 12 01    045.70 046.81 030.73 033.49 029.90 033.08 029.80 028.87 035.58 018.15 025.08 026.50 023.97 036.13 026.54 026.69 012.87 014.72 029.06 026.63 014.34 022.08 027.39 043.63 051.79 035.13 047.81 049.90 028.80 043.09 049.93 
04 08 17 17 12 19 05 07 12 11 14 07 02 06 17 11 15 17 03 03 04 10 19 17 02 11 19 02 02 15 15 03    048.39 048.43 031.25 030.95 029.75 031.14 031.42 029.09 036.60 018.30 026.83 028.90 027.54 038.78 024.55 021.67 012.13 012.62 024.10 021.45 011.29 017.78 026.73 038.43 047.87 035.72 041.94 049.25 027.75 039.85 049.62 
02 10 01 10 03 18 11 05 05 12 07 01 01 16 14 03 01 14 05 10 03 01 12 16 11 10 02 12 16 15 19 14    048.09 048.31 034.50 031.32 032.72 028.18 034.80 035.19 037.26 024.59 025.73 032.38 029.02 039.19 025.45 022.36 012.88 009.27 027.63 026.07 015.49 015.90 028.99 041.72 048.71 036.36 044.02 054.99 033.23 041.27 050.26 
14 08 09 06 10 02 11 07 10 05 05 17 03 03 03 10 01 07 07 12 01 07 11 09 09 12 07 01 16 02 01 01    044.14 048.45 039.94 030.68 036.67 031.35 034.69 039.12 035.08 026.61 023.99 034.93 033.37 040.48 028.09 020.79 018.50 014.47 033.67 032.29 017.81 009.70 035.68 048.26 050.14 042.15 043.80 058.35 036.90 039.24 053.28 
11 02 13 20 04 14 10 07 07 01 03 17 10 09 11 02 05 15 07 12 04 17 08 06 11 05 06 04 12 08 02 03    042.92 045.11 042.10 031.30 036.64 030.45 036.33 040.58 033.46 026.08 024.60 032.00 035.23 037.48 025.79 018.87 022.09 012.94 032.22 029.91 016.02 007.53 039.91 050.10 044.47 044.50 043.82 056.77 040.19 039.29 053.55 
17 07 01 03 09 07 07 01 05 07 15 15 01 11 01 05 01 08 10 07 14 11 01 14 11 12 11 15 09 06 10 16    041.82 046.82 041.85 027.17 037.26 025.72 034.95 044.43 033.06 028.74 024.45 031.99 034.92 038.12 025.24 015.50 022.17 013.41 031.86 030.63 017.35 011.25 042.49 050.27 043.72 045.14 046.76 058.61 040.81 039.52 051.95 
11 12 13 06 08 15 17 03 12 10 10 05 04 10 06 07 12 09 05 08 08 12 14 14 08 07 03 05 06 15 06 04    041.15 053.04 045.75 030.94 042.46 027.88 038.22 046.28 034.97 034.51 023.91 034.22 038.26 037.24 026.90 016.65 022.58 016.42 032.85 032.87 021.62 009.94 046.89 056.69 044.53 050.37 053.49 064.72 044.39 044.22 057.16 
15 17 11 11 05 07 03 01 11 11 15 19 11 08 14 11 09 10 11 12 17 19 03 12 14 12 04 02 07 01 08 12    042.28 054.80 050.83 034.89 043.59 028.87 037.05 046.63 031.20 036.18 023.69 033.76 042.73 034.59 023.02 018.82 022.41 022.83 031.28 029.52 016.07 011.80 052.18 059.78 041.77 049.69 057.86 066.14 049.10 048.62 060.62 
08 16 09 10 16 10 15 05 17 17 20 14 01 10 05 10 01 02 01 04 06 04 01 03 19 20 10 04 10 11 17 10    047.43 054.16 051.73 030.84 040.95 029.18 036.22 050.07 032.92 035.64 028.31 037.97 043.06 032.23 019.23 016.93 022.35 024.85 024.70 025.86 014.88 016.08 055.62 059.00 041.49 045.40 057.93 062.92 049.62 048.88 058.40 
12 11 19 08 04 10 06 03 07 05 17 16 03 04 01 07 11 01 04 17 01 14 03 15 03 17 15 01 02 08 04 06    049.49 055.02 052.45 029.23 043.68 032.83 034.46 052.94 033.06 038.49 026.98 039.27 044.23 033.90 023.71 020.77 022.69 025.22 024.28 026.29 015.58 020.03 055.08 063.39 041.03 048.85 062.68 062.69 050.27 049.54 060.30 
10 02 10 01 19 06 17 05 15 12 07 04 08 11 08 15 01 17 01 10 19 08 08 15 12 17 04 05 18 14 11 14    048.99 057.90 057.16 029.31 049.03 034.45 038.93 053.70 029.62 044.42 027.84 038.08 048.59 030.79 027.75 027.47 023.20 030.62 025.42 027.71 018.15 023.15 056.62 068.39 044.80 051.81 068.47 063.12 055.96 055.11 062.14 
05 11 15 09 11 09 14 13 11 07 13 06 19 15 05 20 06 10 20 05 05 17 11 07 18 03 04 17 05 02 12 05    052.44 056.84 061.29 029.69 048.66 033.76 040.12 055.48 027.64 044.58 033.44 038.68 051.59 030.44 025.90 031.18 022.79 032.39 023.32 026.97 017.47 027.59 061.17 069.94 042.30 048.84 066.50 060.89 058.93 058.58 065.02 
16 02 15 11 01 10 04 01 15 07 01 02 12 08 07 17 07 08 07 17 17 03 14 09 03 06 11 09 05 19 12 03    056.95 056.58 061.33 025.67 047.30 036.21 037.24 058.70 027.37 045.41 034.71 036.94 050.52 033.20 025.00 030.21 022.07 030.00 024.01 025.25 017.45 027.75 056.96 072.57 043.78 049.82 063.54 056.77 057.90 057.46 066.05 
07 14 07 07 17 10 07 07 07 17 17 13 03 11 15 04 11 02 14 15 15 19 02 02 07 10 11 08 10 11 09 12    054.48 050.52 060.15 022.22 048.99 036.90 037.36 057.28 022.23 044.83 029.57 037.36 051.53 029.20 025.09 024.25 023.73 025.43 021.62 020.91 012.76 029.02 056.10 070.77 043.32 045.22 056.84 053.12 054.70 054.70 063.77 
06 03 11 07 01 11 07 10 18 07 10 12 06 12 05 15 12 03 20 16 14 11 01 05 12 15 10 19 07 07 07 11    051.60 047.00 055.96 020.39 046.30 032.83 036.39 055.36 020.31 045.26 029.99 038.14 049.78 025.65 026.61 021.18 020.65 023.81 022.28 016.23 011.50 029.38 049.70 067.41 038.64 040.16 050.35 047.20 054.32 054.68 060.87 
11 02 14 08 07 08 07 14 17 01 20 12 11 14 01 15 20 07 10 04 08 17 08 03 03 01 07 07 03 07 11 17    052.18 042.54 053.39 022.70 042.78 031.17 031.96 051.93 021.69 041.14 030.46 034.80 044.32 020.36 021.05 021.48 018.45 024.08 022.54 013.09 012.90 030.97 047.67 062.21 031.68 034.01 044.53 042.36 049.60 050.05 059.61 
03 05 12 12 01 04 11 18 15 10 04 16 05 06 08 16 12 16 07 02 10 07 19 05 11 01 01 14 08 02 11 10    056.08 042.54 052.64 024.58 047.17 037.26 036.99 049.94 023.52 040.71 029.72 035.53 046.05 021.17 019.60 024.47 019.50 022.78 024.22 014.20 012.91 032.16 047.31 058.85 029.50 035.45 040.59 040.19 051.35 050.95 058.01 
03 01 05 03 12 16 07 08 14 05 13 11 14 10 12 08 15 01 09 04 05 12 03 15 08 07 10 05 04 01 14 09    056.00 035.83 046.98 021.46 046.82 036.62 037.51 046.85 024.44 035.84 025.39 036.98 045.18 017.08 022.14 022.85 017.89 019.62 018.69 010.11 017.22 030.86 044.66 056.41 022.95 032.64 037.73 035.21 046.19 044.50 057.71 
14 13 01 11 16 01 07 11 12 08 07 15 03 04 08 03 09 09 18 19 17 03 14 14 03 14 04 14 16 10 11 07    054.39 031.85 046.33 020.69 043.47 034.47 037.05 043.42 022.18 037.31 028.58 037.12 048.63 019.95 023.83 018.84 016.27 013.52 020.92 010.47 023.00 029.09 043.06 054.02 022.64 035.94 036.52 034.82 042.13 045.63 058.13 
01 09 05 02 07 16 10 12 03 16 01 12 15 07 07 13 19 05 03 17 01 07 07 17 11 18 15 03 07 10 17 11    055.15 025.98 040.81 021.77 039.99 033.69 034.22 042.22 021.04 032.87 025.95 030.04 046.63 019.15 023.45 013.33 012.45 014.51 021.02 010.84 024.00 023.88 040.61 050.41 025.65 038.79 039.60 031.84 042.99 044.11 055.26 
04 03 14 02 05 14 20 20 05 06 08 17 07 14 18 07 17 11 02 07 11 12 09 15 09 11 08 17 08 17 19 12    052.68 022.77 034.32 018.36 032.54 033.04 028.86 040.70 023.95 034.24 023.32 026.67 045.88 019.45 021.88 015.07 009.03 011.92 018.51 013.00 027.55 022.13 033.96 046.86 021.70 040.84 040.23 027.63 039.32 045.01 056.29 
09 01 15 01 07 07 10 14 10 07 10 07 20 19 14 02 10 02 12 02 01 12 03 09 10 12 04 01 07 12 01 03    047.09 021.62 028.98 017.92 027.47 032.22 027.10 036.29 021.54 033.17 026.03 026.25 041.56 022.18 022.59 012.87 009.10 017.71 018.04 011.93 027.23 021.80 032.20 044.84 023.88 040.89 040.97 024.01 039.87 047.52 055.91 
08 17 17 12 19 05 07 12 11 14 07 02 06 17 11 15 17 03 03 04 10 19 17 02 11 19 02 02 15 15 03 19    044.73 020.92 021.83 017.91 021.05 027.54 022.58 034.91 020.56 032.33 025.46 025.55 039.80 022.34 024.13 012.13 015.71 019.28 014.03 017.64 028.45 017.47 026.60 040.22 024.40 037.04 039.61 020.37 035.45 046.13 049.32 
10 01 10 03 18 11 05 05 12 07 01 01 16 14 03 01 14 05 10 03 01 12 16 11 10 02 12 16 15 19 14 01    041.42 022.08 018.76 021.68 015.72 026.18 025.02 032.74 025.02 027.76 026.33 024.65 036.17 022.28 025.48 012.88 016.69 025.17 019.81 022.94 027.51 017.36 029.40 041.04 024.66 038.35 045.36 023.41 033.89 044.70 049.32 
08 09 06 10 02 11 07 10 05 05 17 03 03 03 10 01 07 07 12 01 07 11 09 09 12 07 01 16 02 01 01 14    038.12 021.92 012.19 021.99 013.93 019.64 022.91 028.90 024.03 023.55 023.40 024.81 034.42 024.16 023.68 018.50 019.71 029.26 023.14 024.80 026.09 018.77 030.81 039.72 024.85 034.56 044.48 021.31 027.69 045.26 043.46 
02 13 20 04 14 10 07 07 01 03 17 10 09 11 02 05 15 07 12 04 17 08 06 11 05 06 04 12 08 02 03 07    036.82 024.22 011.27 019.64 010.51 020.02 023.49 031.01 026.68 025.41 022.53 021.66 035.71 029.82 026.09 022.09 017.91 031.40 028.08 029.92 028.39 017.97 031.58 039.15 028.23 037.73 044.39 025.80 029.30 048.87 046.03 
07 01 03 09 07 07 01 05 07 15 15 01 11 01 05 01 08 10 07 14 11 01 14 11 12 11 15 09 06 10 16 12    039.99 025.51 011.56 020.47 006.99 020.43 029.60 033.10 033.20 027.26 025.93 023.49 038.38 032.41 023.97 022.17 016.21 035.56 032.50 032.03 027.76 020.66 034.49 042.83 032.14 044.18 048.61 029.52 030.20 049.58 052.03 
12 13 06 08 15 17 03 12 10 10 05 04 10 06 07 12 09 05 08 08 12 14 14 08 07 03 05 06 15 06 04 14    042.38 027.61 018.10 026.68 008.43 022.92 030.22 032.70 035.19 021.64 024.41 023.62 035.86 033.79 023.32 022.58 014.50 037.59 035.80 035.73 022.73 024.63 040.85 042.18 038.07 048.95 054.65 033.86 033.61 053.86 052.62 
17 11 11 05 07 03 01 11 11 15 19 11 08 14 11 09 10 11 12 17 19 03 12 14 12 04 02 07 01 08 12 11    041.41 032.23 019.85 025.91 008.93 021.35 028.14 028.35 032.46 015.80 022.92 026.23 032.83 029.57 016.91 022.41 012.82 034.36 029.60 029.80 018.03 029.81 042.70 036.47 036.37 051.34 053.89 035.68 036.14 054.93 052.84 
16 09 10 16 10 15 05 17 17 20 14 01 10 05 10 01 02 01 04 06 04 01 03 19 20 10 04 10 11 17 10 17    041.68 034.40 016.11 022.01 011.73 024.20 032.51 033.29 034.07 018.44 028.56 028.99 033.13 028.70 013.33 022.35 009.09 030.02 028.82 029.34 016.54 033.44 044.33 036.23 033.40 051.87 053.32 036.64 036.71 054.03 056.91 
11 19 08 04 10 06 03 07 05 17 16 03 04 01 07 11 01 04 17 01 14 03 15 03 17 15 01 02 08 04 06 20    042.02 035.27 020.65 025.94 017.11 024.11 036.69 034.23 035.86 017.49 028.14 030.64 035.74 034.96 015.05 022.69 010.80 031.18 029.25 029.42 016.18 033.31 050.45 036.23 039.69 058.32 054.32 040.35 038.19 057.80 059.26 
02 10 01 19 06 17 05 15 12 07 04 08 11 08 15 01 17 01 10 19 08 08 15 12 17 04 05 18 14 11 14 10    041.24 038.62 021.51 031.15 017.75 023.85 035.02 027.60 038.01 018.00 024.97 031.53 029.51 035.73 016.85 023.20 016.57 027.64 028.35 029.15 012.59 035.05 053.54 035.77 042.57 061.87 053.76 045.06 042.60 056.93 063.00 
11 15 09 11 09 14 13 11 07 13 06 19 15 05 20 06 10 20 05 05 17 11 07 18 03 04 17 05 02 12 05 10    039.19 043.17 021.59 029.72 014.65 024.91 035.82 023.67 036.95 020.31 024.06 034.05 029.12 031.03 015.91 022.79 018.28 022.40 022.91 029.10 010.55 040.16 055.66 033.06 039.37 060.33 051.30 046.16 044.62 059.14 061.37 
02 15 11 01 10 04 01 15 07 01 02 12 08 07 17 07 08 07 17 17 03 14 09 03 06 11 09 05 19 12 03 12    039.99 044.61 018.62 028.77 017.86 024.17 041.14 026.92 038.14 022.53 024.24 035.91 034.36 033.90 019.92 022.07 019.85 021.60 023.84 030.73 011.72 037.76 060.83 038.15 042.37 060.62 050.24 047.18 044.66 061.61 065.79 
14 07 07 17 10 07 07 07 17 17 13 03 11 15 04 11 02 14 15 15 19 02 02 07 10 11 08 10 11 09 12 06    036.99 046.66 018.70 034.00 022.24 025.93 042.94 025.79 042.01 023.65 023.84 038.62 033.03 040.27 019.29 023.73 025.02 022.90 023.16 031.67 011.70 041.29 064.79 042.90 045.93 061.39 054.18 051.76 047.96 064.85 069.39 
03 11 07 01 11 07 10 18 07 10 12 06 12 05 15 12 03 20 16 14 11 01 05 12 15 10 19 07 07 07 11 14    035.13 046.65 018.16 037.71 020.87 027.51 046.10 022.13 042.18 025.61 022.94 037.37 028.97 038.71 015.26 020.65 025.85 023.85 017.99 027.24 009.22 042.18 066.53 041.04 045.93 058.61 051.00 055.59 052.35 064.00 070.98 
02 14 08 07 08 07 14 17 01 20 12 11 14 01 15 20 07 10 04 08 17 08 03 03 01 07 07 03 07 11 17 04    035.47 047.01 018.56 036.24 020.95 026.23 047.42 023.57 041.37 028.51 022.70 036.52 026.10 035.58 014.57 018.45 028.40 026.74 016.53 025.54 014.44 044.28 066.13 037.87 043.01 054.56 049.98 054.55 052.97 065.53 073.42 
05 12 12 01 04 11 18 15 10 04 16 05 06 08 16 12 16 07 02 10 07 19 05 11 01 01 14 08 02 11 10 07    033.10 042.69 020.60 036.78 022.93 024.97 042.76 018.47 035.50 024.00 019.95 035.21 024.26 034.22 009.17 019.50 025.96 026.20 016.39 021.57 013.71 043.03 060.99 031.66 042.16 048.16 044.14 053.16 051.37 060.44 071.03 
01 05 03 12 16 07 08 14 05 13 11 14 10 12 08 15 01 09 04 05 12 03 15 08 07 10 05 04 01 14 09 17    028.81 039.10 017.39 038.34 025.94 029.78 043.70 021.71 034.21 025.23 024.28 039.43 024.45 037.02 012.62 017.89 021.99 025.93 015.80 022.88 013.93 041.91 061.74 027.15 042.64 045.59 040.55 050.46 047.77 061.99 068.34 
13 01 11 16 01 07 11 12 08 07 15 03 04 08 03 09 09 18 19 17 03 14 14 03 14 04 14 16 10 11 07 09    032.21 044.16 019.74 041.49 030.23 034.54 045.91 024.32 037.87 032.29 027.49 046.52 028.95 037.55 014.99 016.27 022.68 031.85 014.45 023.04 018.40 047.09 064.36 031.67 048.81 047.29 043.95 051.21 053.77 065.85 069.55 
09 05 02 07 16 10 12 03 16 01 12 15 07 07 13 19 05 03 17 01 07 07 17 11 18 15 03 07 10 17 11 08    030.75 042.55 024.79 041.65 032.72 036.36 047.50 024.45 034.42 032.07 024.39 046.54 028.59 034.09 010.21 012.45 024.78 032.38 013.75 022.21 019.47 047.96 060.74 035.33 050.25 050.64 040.92 052.56 052.94 063.66 067.10 
03 14 02 05 14 20 20 05 06 08 17 07 14 18 07 17 11 02 07 11 12 09 15 09 11 08 17 08 17 19 12 17    028.85 037.27 023.72 036.28 033.65 032.26 045.01 025.40 034.72 028.86 024.76 046.71 025.88 027.65 009.77 009.03 020.45 027.20 014.06 022.64 021.61 041.23 055.40 029.81 049.26 049.16 034.67 046.74 052.07 063.46 062.82 
01 15 01 07 07 10 14 10 07 10 07 20 19 14 02 10 02 12 02 01 12 03 09 10 12 04 01 07 12 01 03 10    029.69 036.25 022.63 033.71 039.24 035.72 044.85 028.87 038.96 034.54 029.83 048.70 029.61 026.33 014.72 009.10 020.71 026.04 013.24 023.63 024.73 038.46 053.13 030.79 047.94 048.84 033.00 048.59 056.34 064.98 061.34 
17 17 12 19 05 07 12 11 14 07 02 06 17 11 15 17 03 03 04 10 19 17 02 11 19 02 02 15 15 03 19 11    036.38 036.38 028.36 034.59 040.93 037.85 048.00 029.60 039.20 038.95 034.94 051.07 032.78 024.93 012.62 015.71 021.38 025.15 012.08 019.29 028.36 039.62 053.08 037.87 046.77 052.56 035.16 048.90 058.88 064.46 062.87 
01 10 03 18 11 05 05 12 07 01 01 16 14 03 01 14 05 10 03 01 12 16 11 10 02 12 16 15 19 14 01 11    037.26 035.00 031.31 031.76 041.53 039.56 043.85 029.58 033.95 037.64 037.33 046.18 028.09 018.28 009.27 016.69 022.41 023.91 011.89 016.57 032.97 042.10 048.80 037.10 042.47 054.08 036.42 044.43 052.81 062.37 057.45 
09 06 10 02 11 07 10 05 05 17 03 03 03 10 01 07 07 12 01 07 11 09 09 12 07 01 16 02 01 01 14 04    036.68 029.74 028.33 028.94 038.82 038.97 042.09 032.77 035.12 038.93 041.82 047.59 030.40 014.61 014.47 019.71 022.94 024.83 012.43 017.55 035.07 042.89 046.79 037.37 037.87 052.69 034.99 040.21 053.36 058.80 055.02 
13 20 04 14 10 07 07 01 03 17 10 09 11 02 05 15 07 12 04 17 08 06 11 05 06 04 12 08 02 03 07 06    035.46 024.12 026.41 022.25 034.65 035.94 038.86 029.33 032.76 033.28 037.54 042.50 027.93 013.09 012.94 017.91 023.93 022.75 016.82 020.27 034.74 042.09 040.86 036.04 037.31 049.70 035.24 038.17 052.39 055.85 050.14 
01 03 09 07 07 01 05 07 15 15 01 11 01 05 01 08 10 07 14 11 01 14 11 12 11 15 09 06 10 16 12 17    033.69 018.21 025.19 016.21 029.90 037.56 037.08 031.32 031.72 032.47 036.60 042.00 028.20 011.18 013.41 016.21 025.20 024.60 021.17 023.27 034.73 040.46 039.56 035.18 039.30 048.95 032.66 035.10 048.50 056.95 047.87 
13 06 08 15 17 03 12 10 10 05 04 10 06 07 12 09 05 08 08 12 14 14 08 07 03 05 06 15 06 04 14 19    031.81 016.52 026.28 014.86 026.78 035.17 036.73 034.04 026.71 030.93 036.70 038.07 028.48 012.37 016.42 014.50 025.67 025.64 026.11 020.48 034.26 042.11 037.46 035.68 042.70 051.37 032.35 034.16 050.13 054.04 047.14 
11 11 05 07 03 01 11 11 15 19 11 08 14 11 09 10 11 12 17 19 03 12 14 12 04 02 07 01 08 12 11 04    030.28 013.04 021.21 011.26 021.44 029.97 034.60 033.40 025.06 030.69 037.62 037.56 028.77 010.16 022.83 012.82 024.75 020.66 026.24 024.05 034.51 039.94 031.77 029.03 043.33 047.97 032.18 034.95 050.52 051.32 045.96 
09 10 16 10 15 05 17 17 20 14 01 10 05 10 01 02 01 04 06 04 01 03 19 20 10 04 10 11 17 10 17 08    029.75 007.58 016.22 009.82 021.56 029.61 037.30 032.46 023.79 032.69 034.33 035.68 028.88 012.36 024.85 009.09 024.77 024.09 030.09 023.37 033.25 038.56 030.92 025.72 044.24 046.30 030.66 033.23 048.47 052.45 045.96 
19 08 04 10 06 03 07 05 17 16 03 04 01 07 11 01 04 17 01 14 03 15 03 17 15 01 02 08 04 06 20 17    027.82 010.82 019.30 009.94 016.53 029.88 034.29 028.14 016.90 028.34 032.95 034.16 031.74 009.15 025.22 010.80 024.05 021.32 028.21 021.28 031.04 041.04 026.38 029.07 047.56 043.92 029.96 029.06 047.58 049.61 040.22 
