AA0 AA1 AA2 AA3 AA4 AA5 AA6 AA7 AA8 AA9 AA10 AA11 AA12 AA13 AA14 AA15 AA16 AA17 AA18 AA19 AA20 AA21 AA22 AA23 AA24 AA25 AA26 AA27 AA28 AA29 AA30 AA31 D-16-0 D-16-1 D-16-2 D-16-3 D-16-4 D-16-5 D-16-6 D-16-7 D-16-8 D-16-9 D-16-10 D-16-11 D-16-12 D-16-13 D-16-14 D-16-15 D-16-17 D-16-18 D-16-19 D-16-20 D-16-21 D-16-22 D-16-23 D-16-24 D-16-25 D-16-26 D-16-27 D-16-28 D-16-29 D-16-30 D-16-31 
02 04 06 02 12 03 16 16 20 14 11 07 17 10 11 06 11 01 01 01 05 17 19 01 03 11 07 04 03 08 12 03    046.77 044.63 038.76 031.77 040.07 016.61 037.29 029.40 026.37 034.44 017.03 028.84 027.46 034.74 033.46 018.77 017.30 019.67 013.02 006.44 010.05 022.28 027.66 038.02 048.47 016.78 032.72 036.28 023.78 035.59 043.37 
01 10 11 05 05 11 07 14 10 12 12 05 17 01 10 14 10 11 17 20 17 15 11 08 05 08 14 15 17 07 15 14    040.71 040.68 039.01 027.64 035.79 018.38 034.63 027.89 024.63 033.22 019.40 024.55 023.63 030.44 028.91 018.85 018.09 016.81 011.05 005.79 008.21 021.20 023.62 036.76 051.27 021.82 036.81 040.24 020.79 033.64 040.55 
12 03 03 01 01 02 05 07 07 05 05 03 15 04 08 05 07 01 10 07 15 14 17 19 15 03 18 08 01 15 19 01    036.13 041.28 037.90 020.60 033.51 020.46 027.24 027.05 020.45 029.48 020.76 023.98 020.62 031.21 028.04 019.06 023.72 012.87 009.91 006.12 007.28 027.38 018.23 036.18 049.53 022.72 040.05 038.54 018.44 029.88 042.40 
05 10 03 13 05 02 07 05 05 10 01 15 05 11 10 01 15 06 08 14 16 08 07 03 14 11 11 04 02 15 01 03    031.04 040.53 038.06 016.55 027.52 020.16 022.39 023.28 019.72 026.17 018.46 023.10 019.89 031.11 025.37 024.41 028.77 017.45 008.64 005.79 013.94 030.55 019.88 035.20 042.60 017.53 036.76 036.51 017.15 023.32 040.99 
01 05 14 09 14 01 19 11 07 07 07 10 19 01 04 08 20 07 02 20 04 10 12 14 17 09 12 02 16 02 02 16    025.25 034.89 034.29 012.41 021.81 019.56 018.59 019.48 018.95 023.81 020.69 017.26 017.67 025.27 025.43 026.86 031.03 020.80 009.40 009.04 016.89 034.93 017.69 035.10 041.54 021.50 034.91 040.61 017.30 021.84 037.85 
13 02 01 03 15 12 18 11 07 05 10 15 14 03 11 05 17 11 03 10 02 05 03 07 15 10 19 12 16 08 10 04    023.83 034.89 038.04 018.28 022.23 024.78 019.47 018.06 022.03 019.37 019.50 013.70 019.46 027.44 019.34 021.51 027.51 021.39 013.09 010.26 013.48 036.66 020.98 034.30 038.72 025.85 033.01 041.73 022.15 020.01 039.10 
15 12 04 01 17 03 02 10 01 12 11 20 16 08 15 07 04 12 07 07 04 17 07 09 09 11 02 01 12 06 06 12    023.44 041.10 041.53 020.66 022.15 028.41 021.44 020.97 028.77 022.37 021.46 012.21 021.10 031.21 021.23 023.13 021.84 018.36 017.27 014.80 012.56 033.70 021.84 034.49 039.79 026.03 032.60 044.12 026.97 025.76 045.17 
06 02 09 17 10 10 14 07 03 11 17 17 04 19 08 15 15 20 16 09 19 01 12 03 02 10 07 04 09 15 08 10    022.59 042.83 039.78 021.74 019.94 025.77 017.21 019.23 028.14 023.17 024.61 009.01 022.03 030.40 025.04 029.00 019.40 012.43 017.32 020.46 016.43 032.59 019.97 030.28 039.65 028.23 035.78 047.55 028.43 030.82 046.51 
19 11 08 01 06 04 07 17 01 17 05 07 06 12 11 05 15 12 01 18 17 11 12 17 11 12 06 15 06 01 17 06    022.06 039.95 040.13 024.58 017.73 027.07 016.15 021.64 027.15 023.78 025.06 008.47 018.42 026.00 021.45 030.48 024.29 012.58 021.45 026.58 019.69 031.34 018.73 033.89 042.43 033.94 042.92 053.16 033.47 032.00 049.72 
08 04 10 09 20 09 15 03 05 07 12 13 02 03 12 01 16 15 09 03 07 01 19 16 09 05 11 05 07 11 04 14    025.61 043.05 040.31 030.50 020.99 030.63 015.71 022.67 033.64 023.86 031.37 013.54 014.67 029.90 022.19 031.64 023.15 014.10 026.68 029.28 019.89 027.01 020.80 039.64 042.70 038.49 048.44 055.91 038.25 035.24 052.19 
14 02 08 13 03 08 07 15 03 15 07 01 13 06 14 08 08 09 05 02 02 10 12 09 11 12 03 02 10 08 11 05    029.55 039.19 039.85 034.85 021.37 036.19 016.60 023.52 036.85 016.78 029.64 012.09 014.36 028.94 016.83 032.77 022.20 014.54 028.09 026.75 019.83 022.03 028.03 043.26 041.79 043.32 052.63 055.83 040.58 039.37 055.91 
06 14 02 01 06 05 10 06 05 11 07 17 12 11 06 12 03 19 11 12 04 01 11 06 11 07 04 04 02 14 12 03    034.10 036.40 036.18 032.45 021.25 031.94 015.20 017.96 034.08 014.49 026.21 010.07 019.42 026.73 015.87 031.49 015.12 012.15 027.57 021.10 019.45 016.87 030.25 042.17 035.43 038.87 050.98 050.71 040.31 039.48 053.43 
08 11 07 13 11 16 10 17 13 15 17 10 12 05 10 08 13 17 02 03 03 07 08 14 08 12 10 01 18 02 12 12    033.33 037.19 039.24 034.59 023.24 029.04 018.05 021.31 035.63 017.66 031.85 016.68 018.90 029.82 018.41 032.06 011.99 012.11 025.58 023.88 019.64 016.24 033.04 046.24 034.03 036.15 054.82 049.52 043.46 040.25 055.81 
16 17 12 11 10 04 06 14 01 07 07 20 16 14 04 07 07 10 03 10 01 17 01 14 14 20 15 05 05 19 09 11    034.63 034.51 044.59 040.89 024.73 035.75 019.46 023.70 042.19 014.10 035.73 020.80 016.31 032.45 022.60 033.83 012.12 014.41 030.47 030.84 022.74 012.18 038.72 050.40 037.30 042.66 060.84 050.76 047.58 044.89 058.08 
10 11 17 09 08 19 09 04 07 18 01 04 11 03 07 18 02 17 05 12 04 11 14 12 19 17 04 17 05 11 07 17    034.39 031.03 044.16 042.85 026.04 039.00 017.69 019.84 043.40 009.48 032.18 019.11 021.42 035.13 022.64 027.71 014.39 014.12 032.95 030.37 019.77 005.35 042.76 051.07 032.76 042.97 059.49 046.48 048.59 047.97 058.47 
02 15 16 19 01 11 10 07 10 17 10 13 15 15 14 14 15 14 07 12 14 12 03 03 03 17 04 09 10 07 11 10    038.97 033.01 043.68 042.17 020.45 035.04 021.13 022.86 045.01 012.85 030.74 019.61 024.84 038.53 022.38 023.85 012.16 012.81 030.16 028.57 019.38 009.24 046.06 053.41 031.87 037.60 055.87 045.09 049.49 046.39 055.72 
16 08 11 10 09 01 10 07 14 15 05 07 12 07 19 11 01 07 07 07 08 19 01 15 12 03 11 08 07 07 11 09    039.78 039.57 045.51 045.91 022.67 036.05 024.61 026.44 046.06 014.69 031.40 026.45 021.55 042.26 028.20 024.23 015.56 010.78 033.43 030.40 018.80 008.66 046.99 057.46 032.90 042.03 056.12 045.18 050.81 050.44 061.88 
03 12 02 15 11 17 11 07 18 14 08 01 17 20 17 03 01 15 10 08 17 04 03 15 18 06 11 19 03 02 14 07    044.30 039.97 047.43 051.44 025.39 043.16 024.20 023.98 044.92 016.57 031.35 029.00 023.76 040.80 029.33 023.22 020.55 016.87 033.17 028.47 016.75 010.47 048.69 060.72 038.13 043.63 054.78 045.21 054.56 049.38 063.91 
11 10 11 15 07 01 08 11 08 12 16 08 07 06 14 10 05 08 05 12 06 14 08 07 03 10 10 07 08 01 11 11    047.00 039.37 045.46 052.39 022.05 044.54 025.79 027.64 046.04 016.55 029.02 027.72 030.16 041.74 024.58 017.48 023.19 016.72 028.30 024.08 009.76 015.45 052.80 063.79 039.31 041.11 050.39 041.09 051.71 050.28 061.36 
11 05 02 07 07 07 04 07 11 03 06 10 02 16 03 02 01 09 11 04 01 08 11 09 07 15 07 14 04 10 17 12    046.08 042.73 046.22 053.80 020.02 041.57 029.98 032.55 045.01 020.07 033.30 031.88 032.74 041.78 028.12 017.59 021.88 017.55 023.86 021.76 014.88 019.00 049.20 065.47 038.00 038.10 047.01 040.09 049.30 050.45 065.54 
08 16 14 11 08 01 16 07 12 05 07 07 01 03 11 05 12 10 01 17 19 17 14 02 12 01 01 05 16 10 19 03    049.09 048.35 044.54 054.78 024.68 045.38 033.75 036.01 048.78 025.78 034.64 037.58 033.91 045.45 031.12 019.18 019.22 022.59 024.71 023.89 018.53 018.27 052.51 068.98 038.43 044.25 050.72 044.57 053.94 056.12 068.46 
12 07 03 14 12 12 01 10 20 10 14 01 03 09 01 07 09 02 04 10 05 03 02 05 03 01 10 14 07 17 01 19    054.11 049.26 045.45 056.89 029.66 051.84 035.48 039.35 049.39 027.34 032.70 038.43 039.97 042.60 027.79 017.44 021.86 025.96 022.49 022.82 014.27 022.02 053.09 068.57 037.56 046.04 052.01 043.46 051.76 058.33 065.76 
04 06 02 12 03 16 16 20 14 11 07 17 10 11 06 11 01 01 01 05 17 19 01 03 11 07 04 03 08 12 03 01    055.03 050.48 044.54 054.12 028.36 051.34 038.39 038.93 046.86 026.26 031.50 040.85 041.41 041.24 025.09 017.30 024.09 027.38 018.58 019.53 011.35 026.70 053.04 065.16 033.77 047.96 052.92 039.40 050.24 057.23 064.68 
10 11 05 05 11 07 14 10 12 12 05 17 01 10 14 10 11 17 20 17 15 11 08 05 08 14 15 17 07 15 14 14    054.64 054.85 043.96 051.64 029.10 049.28 040.71 041.61 048.76 031.21 033.87 039.99 040.08 040.74 026.29 018.09 021.48 027.88 021.16 020.14 011.91 027.60 051.83 068.69 036.92 051.71 056.11 038.50 050.53 056.53 063.86 
03 03 01 01 02 05 07 07 05 05 03 15 04 08 05 07 01 10 07 15 14 17 19 15 03 18 08 01 15 19 01 07    058.97 059.29 043.19 055.43 034.80 048.53 045.43 043.51 047.74 035.73 033.32 040.04 043.77 039.62 024.14 023.72 019.77 030.51 024.00 019.50 011.71 027.67 056.64 070.96 043.52 057.45 059.53 041.38 051.31 060.71 066.26 
10 03 13 05 02 07 05 05 10 01 15 05 11 10 01 15 06 08 14 16 08 07 03 14 11 11 04 02 15 01 03 12    063.60 064.01 044.82 054.35 037.11 047.73 047.50 048.05 046.09 036.31 031.87 041.60 049.32 036.50 023.36 028.77 022.92 029.93 028.30 017.52 004.74 031.27 060.09 067.22 042.69 054.04 060.59 045.06 048.53 062.29 069.27 
05 14 09 14 01 19 11 07 07 07 10 19 01 04 08 20 07 02 20 04 10 12 14 17 09 12 02 16 02 02 16 14    062.85 063.69 041.14 050.84 035.76 044.32 049.28 048.96 046.24 037.08 032.89 041.65 048.66 037.28 027.74 031.03 023.72 030.34 031.52 019.27 005.13 033.32 056.22 064.36 042.67 049.76 061.73 045.31 050.04 059.31 067.94 
02 01 03 15 12 18 11 07 05 10 15 14 03 11 05 17 11 03 10 02 05 03 07 15 10 19 12 16 08 10 04 11    060.37 065.02 039.30 046.70 036.22 038.71 044.94 047.15 040.41 037.01 030.44 042.30 047.94 032.00 023.55 027.51 022.00 030.68 030.17 015.55 010.03 031.10 050.06 057.37 043.07 044.75 059.59 045.95 045.77 056.58 065.10 
12 04 01 17 03 02 10 01 12 11 20 16 08 15 07 04 12 07 07 04 17 07 09 09 11 02 01 12 06 06 12 17    062.44 063.31 035.54 040.28 034.07 034.18 042.01 047.59 039.69 037.60 031.02 040.87 050.22 031.51 021.26 021.84 017.19 025.98 026.15 010.40 014.81 030.69 043.98 051.64 039.26 040.30 056.40 042.32 043.63 057.74 063.87 
02 09 17 10 10 14 07 03 11 17 17 04 19 08 15 15 20 16 09 19 01 12 03 02 10 07 04 09 15 08 10 20    060.30 057.40 035.68 036.34 031.95 029.59 036.73 044.52 034.77 032.97 026.48 038.46 048.71 029.72 022.10 019.40 015.81 022.85 025.63 008.77 017.43 033.56 039.25 045.43 039.54 038.64 054.77 039.04 043.75 052.70 058.47 
11 08 01 06 04 07 17 01 17 05 07 06 12 11 05 15 12 01 18 17 11 12 17 11 12 06 15 06 01 17 06 10    059.38 058.50 038.86 034.45 034.08 029.01 037.59 044.49 037.05 032.50 028.02 040.31 048.92 027.97 021.66 024.29 018.47 020.11 024.87 008.83 016.52 035.56 042.56 044.05 041.60 039.92 056.28 042.64 045.15 050.35 059.68 
04 10 09 20 09 15 03 05 07 12 13 02 03 12 01 16 15 09 03 07 01 19 16 09 05 11 05 07 11 04 14 10    058.08 052.66 036.50 029.51 033.99 028.31 030.69 043.97 034.66 033.19 029.29 035.20 049.15 023.75 017.42 023.15 017.99 016.93 019.87 004.99 019.21 035.88 042.11 036.94 039.11 039.76 053.14 040.10 040.16 045.48 053.92 
02 08 13 03 08 07 15 03 15 07 01 13 06 14 08 08 09 05 02 02 10 12 09 11 12 03 02 10 08 11 05 12    054.84 051.03 035.57 022.98 032.96 022.95 028.67 044.32 032.92 034.83 027.42 035.07 047.46 021.90 021.61 022.20 015.19 011.28 018.50 009.19 021.36 035.67 042.01 035.57 037.75 042.50 050.00 036.91 040.51 048.50 055.41 
14 02 01 06 05 10 06 05 11 07 17 12 11 06 12 03 19 11 12 04 01 11 06 11 07 04 04 02 14 12 03 06    048.78 045.14 034.95 020.33 030.13 019.48 024.04 040.88 026.31 032.81 021.01 034.06 040.27 019.62 026.17 015.12 008.87 014.26 014.54 011.69 018.05 035.93 041.83 033.48 034.38 045.35 048.67 038.70 042.37 050.77 055.28 
11 07 13 11 16 10 17 13 15 17 10 12 05 10 08 13 17 02 03 03 07 08 14 08 12 10 01 18 02 12 12 14    043.98 041.95 032.84 017.50 025.41 019.52 023.84 037.06 026.17 033.00 022.26 029.91 038.37 018.11 026.93 011.99 009.30 013.83 014.14 013.76 022.09 034.62 042.06 029.70 029.37 047.46 044.09 038.92 038.70 050.50 055.43 
17 12 11 10 04 06 14 01 07 07 20 16 14 04 07 07 10 03 10 01 17 01 14 14 20 15 05 05 19 09 11 04    037.87 043.42 033.57 014.32 027.82 016.92 022.73 038.42 022.25 034.03 021.72 023.11 037.18 019.67 028.07 012.12 012.40 019.84 020.10 018.76 019.97 035.38 042.79 030.16 032.91 051.10 043.00 038.86 038.23 050.86 059.70 
11 17 09 08 19 09 04 07 18 01 04 11 03 07 18 02 17 05 12 04 11 14 12 19 17 04 17 05 11 07 17 07    032.92 041.03 031.77 011.86 025.97 011.78 016.95 036.00 021.14 030.96 016.67 023.26 038.98 020.94 025.90 014.39 015.33 023.96 021.16 021.90 019.30 033.99 040.06 025.28 030.76 048.91 038.01 037.28 038.69 050.51 059.39 
15 16 19 01 11 10 07 10 17 10 13 15 15 14 14 15 14 07 12 14 12 03 03 03 17 04 09 10 07 11 10 17    030.17 038.34 031.63 012.82 023.25 011.33 017.47 036.31 021.37 028.37 017.89 021.41 039.06 024.37 027.97 012.16 016.13 027.89 026.77 027.77 018.95 034.70 044.61 026.44 030.74 051.24 041.05 042.00 039.43 050.37 060.49 
08 11 10 09 01 10 07 14 15 05 07 12 07 19 11 01 07 07 07 08 19 01 15 12 03 11 08 07 07 11 09 09    030.29 033.38 030.46 017.53 021.27 010.76 016.92 032.07 017.98 024.22 018.80 016.87 037.56 024.43 028.83 015.56 015.98 030.58 027.79 027.79 017.68 032.70 043.29 023.02 031.09 047.81 036.15 038.71 038.22 050.26 056.29 
12 02 15 11 17 11 07 18 14 08 01 17 20 17 03 01 15 10 08 17 04 03 15 18 06 11 19 03 02 14 07 08    031.00 033.46 032.43 018.57 022.82 010.44 016.81 029.56 019.85 026.88 021.12 013.15 037.01 027.27 030.76 020.55 016.15 033.07 027.59 030.79 018.03 028.21 045.42 029.28 033.42 046.69 038.61 041.52 037.82 051.79 056.73 
10 11 15 07 01 08 11 08 12 16 08 07 06 14 10 05 08 05 12 06 14 08 07 03 10 10 07 08 01 11 11 17    030.49 033.05 034.38 014.69 023.71 010.83 019.85 034.49 022.58 029.52 026.70 015.81 041.13 028.30 029.00 023.19 012.37 034.95 030.42 030.69 017.49 030.33 051.61 033.11 036.22 045.95 040.19 043.83 044.21 052.10 058.58 
05 02 07 07 07 04 07 11 03 06 10 02 16 03 02 01 09 11 04 01 08 11 09 07 15 07 14 04 10 17 12 10    030.85 030.77 036.59 014.41 022.85 010.92 021.69 034.03 025.69 029.87 030.31 015.29 037.74 031.94 029.63 021.88 014.55 034.12 028.61 032.01 012.06 030.18 055.09 032.90 037.56 045.26 037.94 043.94 046.08 056.02 056.89 
16 14 11 08 01 16 07 12 05 07 07 01 03 11 05 12 10 01 17 19 17 14 02 12 01 01 05 16 10 19 03 11    034.55 028.02 036.79 015.25 026.91 015.89 021.85 036.29 023.58 029.79 028.98 019.44 038.04 030.98 022.74 019.22 011.65 028.35 024.78 031.67 009.87 035.07 056.55 029.94 038.36 043.30 036.57 045.04 048.14 055.92 053.70 
07 03 14 12 12 01 10 20 10 14 01 03 09 01 07 09 02 04 10 05 03 02 05 03 01 10 14 07 17 01 19 11    036.59 028.80 036.63 015.22 030.76 020.09 027.11 039.05 025.44 032.71 030.66 025.75 039.67 030.81 018.95 021.86 007.65 023.71 022.33 031.88 015.74 032.70 056.86 026.13 041.12 041.56 034.50 044.41 051.75 053.94 051.68 
06 02 12 03 16 16 20 14 11 07 17 10 11 06 11 01 01 01 05 17 19 01 03 11 07 04 03 08 12 03 01 04    036.56 027.32 034.20 017.17 031.22 023.26 026.87 039.48 029.50 031.67 033.40 024.60 040.89 034.89 019.67 024.09 014.59 025.67 024.97 033.96 012.64 034.98 057.90 027.93 048.33 047.85 035.72 048.32 056.02 055.81 052.82 
11 05 05 11 07 14 10 12 12 05 17 01 10 14 10 11 17 20 17 15 11 08 05 08 14 15 17 07 15 14 14 06    039.55 027.46 033.74 018.91 030.55 024.90 028.88 039.81 030.93 026.44 029.52 022.74 037.05 032.27 016.81 021.48 019.24 022.46 020.63 030.58 008.55 038.50 061.77 032.07 051.59 052.16 032.32 045.19 053.20 053.44 050.35 
03 01 01 02 05 07 07 05 05 03 15 04 08 05 07 01 10 07 15 14 17 19 15 03 18 08 01 15 19 01 07 17    042.95 025.83 036.96 021.48 029.79 029.79 029.31 037.30 030.17 024.88 028.18 028.08 034.77 027.26 012.87 019.77 019.29 017.64 014.72 028.52 009.17 041.60 061.33 032.84 052.81 049.95 029.91 041.50 054.74 054.62 048.01 
03 13 05 02 07 05 05 10 01 15 05 11 10 01 15 06 08 14 16 08 07 03 14 11 11 04 02 15 01 03 12 19    048.80 027.79 035.36 022.30 027.08 031.56 034.44 039.58 033.43 027.03 030.91 032.93 035.51 032.54 017.45 022.92 021.45 021.72 018.00 026.81 009.43 044.11 059.25 030.42 052.83 051.26 033.43 040.39 058.43 059.98 051.46 
14 09 14 01 19 11 07 07 07 10 19 01 04 08 20 07 02 20 04 10 12 14 17 09 12 02 16 02 02 16 14 04    048.86 027.67 032.23 025.44 026.18 034.04 037.87 039.49 037.69 024.70 030.65 031.36 036.02 037.38 020.80 023.72 025.66 027.86 023.74 028.84 010.93 046.02 061.13 034.69 052.98 057.97 036.54 042.38 058.34 061.50 054.13 
01 03 15 12 18 11 07 05 10 15 14 03 11 05 17 11 03 10 02 05 03 07 15 10 19 12 16 08 10 04 11 08    052.27 030.51 032.60 028.43 024.76 032.25 038.63 035.21 037.89 019.01 030.50 031.18 029.45 033.79 021.39 022.00 029.01 030.25 021.19 028.80 013.08 044.70 058.76 039.42 051.11 059.91 040.55 040.29 060.08 062.23 056.33 
