AA0 AA1 AA2 AA3 AA4 AA5 AA6 AA7 AA8 AA9 AA10 AA11 AA12 AA13 AA14 AA15 AA16 AA17 AA18 AA19 AA20 AA21 AA22 AA23 AA24 AA25 AA26 AA27 AA28 AA29 AA30 AA31 D-16-0 D-16-1 D-16-2 D-16-3 D-16-4 D-16-5 D-16-6 D-16-7 D-16-8 D-16-9 D-16-10 D-16-11 D-16-12 D-16-13 D-16-14 D-16-15 D-16-17 D-16-18 D-16-19 D-16-20 D-16-21 D-16-22 D-16-23 D-16-24 D-16-25 D-16-26 D-16-27 D-16-28 D-16-29 D-16-30 D-16-31 
01 05 14 10 08 16 04 06 04 07 11 03 12 11 11 13 13 14 07 19 04 16 15 07 17 10 07 18 15 07 05 14    023.72 021.04 038.01 025.92 029.05 022.96 029.25 024.90 033.97 029.98 027.19 025.51 017.67 013.74 005.66 020.50 022.57 022.14 028.76 018.34 018.46 032.73 028.50 033.11 017.36 024.59 026.70 022.14 026.55 031.41 025.96 
15 17 17 04 04 18 11 17 07 17 04 13 04 07 11 16 05 05 17 04 14 08 16 07 11 07 19 03 11 04 16 13    021.19 020.01 034.39 026.39 026.55 024.00 023.01 025.55 034.81 026.63 028.04 023.55 022.01 016.02 004.53 021.81 018.05 016.71 026.32 017.31 019.61 031.70 027.83 029.41 016.36 026.86 026.93 026.49 027.34 031.46 029.25 
03 03 06 03 10 01 10 15 17 03 09 07 19 17 03 07 17 08 08 17 01 02 04 11 15 06 07 03 12 09 11 19    019.69 023.25 029.88 027.13 030.86 026.35 023.78 028.31 039.13 027.19 028.89 024.36 023.78 015.03 004.95 016.65 015.15 016.32 023.37 016.89 016.16 030.44 022.93 026.93 016.93 031.77 028.18 032.09 029.38 034.05 031.33 
17 02 17 07 16 02 04 14 11 19 09 10 13 04 19 11 19 09 09 15 10 12 10 11 01 05 17 17 17 10 17 04    020.78 019.33 027.36 023.30 031.50 029.33 026.69 028.30 038.23 024.11 032.71 021.70 023.67 015.88 007.94 014.02 012.66 016.05 022.23 015.97 021.50 028.62 020.10 023.84 022.29 036.28 027.33 036.49 033.37 037.60 035.74 
01 19 15 16 01 03 17 01 11 15 04 03 03 08 02 03 10 01 16 17 01 19 17 04 07 07 17 08 15 20 07 09    026.17 019.25 026.04 021.29 032.78 031.78 028.07 032.37 039.47 027.06 037.29 023.11 030.41 015.85 010.50 016.00 007.00 012.99 017.96 018.44 024.86 030.27 021.98 017.81 025.60 042.20 030.96 043.20 035.25 041.84 036.22 
05 05 11 11 05 19 01 15 07 15 15 07 15 10 19 15 03 11 13 17 16 07 07 07 08 14 15 05 15 05 04 05    025.51 020.48 018.74 018.67 027.74 027.22 024.11 031.79 036.39 025.88 037.08 020.09 031.01 018.27 010.64 020.39 010.57 011.44 018.23 023.06 031.84 034.60 025.23 021.98 027.05 043.41 034.93 046.57 037.00 043.92 033.44 
15 03 12 17 11 12 06 08 07 16 17 10 10 03 15 13 04 01 17 01 07 04 11 04 05 17 07 12 07 02 05 05    026.83 020.95 016.71 020.95 023.54 026.50 024.84 031.54 031.18 023.71 033.48 016.54 026.09 020.48 009.61 019.83 017.01 011.66 016.63 026.08 035.14 035.35 031.83 023.66 026.84 043.51 034.76 046.96 034.98 040.14 033.50 
04 07 12 07 14 02 01 17 16 08 10 02 11 05 09 10 06 19 07 16 17 04 16 15 01 13 09 05 01 19 01 16    027.26 021.50 015.26 023.56 021.09 023.78 028.07 030.76 027.47 025.92 028.25 013.71 028.02 025.17 014.19 024.14 020.51 009.83 019.54 029.72 035.47 039.72 037.46 029.47 029.84 044.95 038.58 047.10 037.09 038.67 035.61 
05 04 16 13 03 17 06 03 17 03 03 11 15 04 12 09 03 17 04 04 17 05 17 10 05 17 05 12 17 05 08 09    026.37 026.83 017.80 023.79 018.42 023.48 029.34 028.47 029.44 021.74 028.13 015.02 032.03 021.61 016.06 026.29 018.62 009.34 025.56 028.53 034.89 038.52 040.18 030.70 033.03 042.60 040.33 045.42 036.65 034.74 034.23 
05 17 19 07 15 04 04 14 04 07 15 03 16 04 05 15 13 11 07 05 09 01 01 15 18 12 11 05 15 05 11 16    027.91 029.33 020.44 024.13 021.42 024.90 029.37 032.00 036.22 020.43 033.71 015.52 034.14 019.47 012.99 023.56 019.42 006.02 022.21 028.95 030.31 037.29 040.69 031.79 038.19 043.63 041.13 041.55 041.21 037.86 037.77 
04 15 07 05 17 14 10 17 03 10 16 01 02 17 02 17 03 17 03 10 09 11 11 05 09 01 19 14 04 04 07 14    029.34 032.32 022.95 022.68 018.02 029.22 027.43 033.32 037.59 026.00 035.18 018.87 035.62 025.08 010.36 023.67 023.05 007.78 020.79 029.36 030.22 038.14 040.90 033.27 045.11 044.86 047.69 041.31 046.42 041.61 043.38 
16 04 07 17 19 16 12 16 17 16 11 05 14 16 09 01 02 15 14 12 02 05 14 01 16 07 07 15 17 04 04 17    024.58 029.07 019.80 022.46 019.53 025.95 024.90 031.78 043.33 031.41 032.88 023.21 032.91 029.51 013.56 026.82 020.61 010.77 020.70 030.81 024.91 039.64 042.20 034.14 045.69 045.99 049.22 039.80 050.68 046.64 045.46 
15 04 03 01 07 19 05 01 04 02 12 12 05 19 05 15 19 02 16 12 18 01 01 15 05 09 15 05 16 01 18 18    023.22 030.03 024.88 020.93 026.92 027.12 024.41 033.15 044.67 031.65 036.06 024.10 029.52 027.49 011.84 027.43 019.97 012.51 020.46 026.04 021.04 038.02 040.98 032.15 041.83 048.04 047.83 035.04 049.09 047.60 043.53 
17 14 18 10 07 07 10 08 07 04 15 06 19 01 19 03 16 07 04 11 10 10 07 03 15 17 17 17 04 15 03 16    025.70 031.24 026.69 021.29 027.31 031.55 025.07 036.79 045.18 032.68 040.63 029.77 029.38 029.38 010.30 029.89 022.52 010.65 019.56 024.93 018.18 037.37 040.76 036.73 043.03 051.68 051.23 038.67 052.73 048.76 045.52 
03 17 09 18 15 15 10 04 16 11 01 13 17 04 02 16 04 05 02 01 04 04 17 07 15 10 01 14 04 17 17 16    027.04 033.98 030.63 023.79 025.60 036.91 028.19 038.09 043.08 029.09 039.61 033.75 031.01 034.69 008.28 031.15 024.34 014.38 023.85 025.20 019.35 037.52 039.55 042.90 043.38 054.12 050.58 041.04 051.31 049.48 043.94 
05 07 07 10 17 19 03 07 19 19 10 14 19 08 03 04 07 14 01 14 04 02 16 15 15 17 07 07 10 05 15 03    025.45 035.28 028.44 026.92 029.13 040.35 029.88 039.50 043.94 031.60 040.83 040.43 031.32 040.67 011.94 037.41 023.33 016.02 028.57 023.07 016.26 034.05 038.95 046.03 044.14 055.27 051.23 044.97 054.57 050.03 046.72 
10 03 10 15 15 17 19 02 06 03 12 19 07 15 04 19 07 01 13 11 03 04 17 05 04 10 17 12 04 16 12 05    026.49 036.68 030.45 030.36 033.31 043.98 035.84 045.95 046.49 037.40 046.48 042.73 033.12 041.32 013.84 036.64 023.51 021.55 029.17 018.45 014.01 029.64 033.85 045.07 044.91 057.39 049.80 047.70 053.02 050.08 050.15 
16 11 10 09 16 03 01 11 06 11 05 07 08 07 17 10 15 10 13 02 05 11 03 17 15 03 10 16 10 07 01 15    023.26 037.19 032.79 034.06 031.87 040.12 036.66 047.36 048.95 039.28 045.71 046.23 030.36 040.82 017.55 031.40 019.37 021.08 027.36 018.00 008.79 022.37 030.35 044.38 039.79 053.32 048.69 049.79 050.82 051.00 049.97 
09 16 04 14 06 19 14 16 16 01 18 18 18 13 03 04 17 16 17 12 16 15 05 14 14 07 05 04 11 08 10 05    020.33 033.57 028.20 033.45 027.98 035.70 037.76 046.39 046.44 041.10 038.86 043.53 028.90 034.56 019.20 028.33 015.89 016.52 027.00 018.84 013.83 019.96 027.91 041.86 036.14 048.83 044.51 048.44 052.06 047.73 050.81 
10 03 12 05 07 09 04 03 07 03 11 09 19 15 17 03 02 16 15 15 10 17 11 19 11 02 15 10 17 04 07 14    023.32 034.51 026.40 038.26 033.22 039.01 038.78 049.16 045.77 042.62 040.10 040.37 027.08 030.57 016.67 027.62 018.16 019.48 025.86 017.29 013.68 014.03 020.89 036.26 035.20 045.63 042.11 051.40 050.26 046.12 052.32 
05 14 10 08 16 04 06 04 07 11 03 12 11 11 13 13 14 07 19 04 16 15 07 17 10 07 18 15 07 05 14 01    023.75 034.03 028.18 038.61 031.34 037.37 037.27 047.15 038.84 041.35 041.44 038.66 022.36 025.26 013.31 022.57 015.57 021.10 024.85 017.76 015.53 018.26 019.21 034.30 037.84 043.63 041.12 048.91 048.27 042.65 051.60 
17 17 04 04 18 11 17 07 17 04 13 04 07 11 16 05 05 17 04 14 08 16 07 11 07 19 03 11 04 16 13 07    023.31 029.26 027.55 034.03 031.78 029.98 035.55 045.21 034.87 041.36 035.74 039.26 020.13 019.46 018.96 018.05 008.32 016.85 024.99 020.84 020.47 016.57 018.19 029.04 038.47 038.93 040.38 045.21 046.07 043.17 052.92 
03 06 03 10 01 10 15 17 03 09 07 19 17 03 07 17 08 08 17 01 02 04 11 15 06 07 03 12 09 11 19 17    026.07 028.16 024.58 038.28 035.85 030.30 037.43 049.23 036.80 042.39 033.67 038.17 021.41 019.08 019.30 015.15 008.86 014.64 021.31 019.36 022.02 010.08 015.19 028.06 038.58 035.00 041.48 044.26 048.69 044.87 053.71 
02 17 07 16 02 04 14 11 19 09 10 13 04 19 11 19 09 09 15 10 12 10 11 01 05 17 17 17 10 17 04 17    025.85 031.54 024.79 041.39 040.83 034.11 039.17 050.09 034.06 045.27 031.91 035.69 020.93 018.17 013.09 012.66 014.88 017.08 016.44 020.59 018.51 008.43 011.54 029.97 039.56 031.15 040.12 045.52 047.97 046.60 055.24 
19 15 16 01 03 17 01 11 15 04 03 03 08 02 03 10 01 16 17 01 19 17 04 07 07 17 08 15 20 07 09 10    022.88 030.64 021.50 039.04 038.15 030.46 039.27 046.18 032.96 043.89 026.94 035.39 020.06 014.41 014.01 007.00 012.69 015.08 017.55 022.71 024.22 015.18 011.23 028.28 041.85 031.42 042.72 041.12 046.44 042.40 050.00 
05 11 11 05 19 01 15 07 15 15 07 15 10 19 15 03 11 13 17 16 07 07 07 08 14 15 05 15 05 04 05 09    023.53 026.77 016.03 036.85 034.32 023.70 042.07 045.30 034.42 044.44 022.76 035.43 023.50 012.59 019.27 010.57 014.05 010.82 018.32 025.21 026.95 015.14 013.17 027.89 039.46 031.93 041.26 043.52 047.95 042.50 051.35 
03 12 17 11 12 06 08 07 16 17 10 10 03 15 13 04 01 17 01 07 04 11 04 05 17 07 12 07 02 05 05 19    030.23 032.27 018.13 040.23 038.99 026.37 048.18 047.20 035.11 046.49 025.27 033.67 027.36 013.44 017.07 017.01 019.03 009.13 016.33 022.27 020.66 015.21 007.85 028.68 037.73 032.64 039.10 045.85 045.42 046.81 050.61 
07 12 07 14 02 01 17 16 08 10 02 11 05 09 10 06 19 07 16 17 04 16 15 01 13 09 05 01 19 01 16 12    033.34 034.79 020.20 041.36 038.97 029.71 049.59 045.58 035.90 041.92 023.16 031.91 026.08 013.64 011.69 020.51 022.11 014.64 014.33 018.24 019.60 018.31 010.29 030.04 036.60 034.27 034.39 045.03 039.36 046.71 048.42 
04 16 13 03 17 06 03 17 03 03 11 15 04 12 09 03 17 04 04 17 05 17 10 05 17 05 12 17 05 08 09 19    034.00 031.57 015.26 036.56 033.09 023.98 046.31 045.75 033.73 036.85 021.83 032.20 024.95 011.53 015.31 018.62 021.18 014.55 012.60 016.67 020.57 022.36 012.66 030.05 032.59 034.13 032.05 044.51 035.49 045.08 044.51 
17 19 07 15 04 04 14 04 07 15 03 16 04 05 15 13 11 07 05 09 01 01 15 18 12 11 05 15 05 11 16 10    035.36 030.73 011.13 039.89 032.52 019.01 047.61 050.07 033.19 038.92 023.94 031.84 023.81 012.46 019.60 019.42 024.59 009.13 015.90 011.95 020.23 023.81 013.66 033.47 032.57 033.13 026.98 048.59 038.85 048.30 046.14 
15 07 05 17 14 10 17 03 10 16 01 02 17 02 17 03 17 03 10 09 11 11 05 09 01 19 14 04 04 07 14 12    041.66 034.73 014.26 040.33 038.57 019.89 050.84 050.10 035.41 040.25 027.52 030.05 023.17 016.44 016.04 023.05 028.85 010.23 013.55 009.19 016.05 020.48 010.87 035.61 030.98 035.74 022.75 052.16 037.43 050.74 045.80 
04 07 17 19 16 12 16 17 16 11 05 14 16 09 01 02 15 14 12 02 05 14 01 16 07 07 15 17 04 04 17 12    040.13 031.66 016.54 038.79 036.86 020.57 045.85 050.44 036.16 034.68 024.45 025.40 022.53 016.75 011.86 020.61 029.24 015.74 014.60 009.60 020.90 025.16 015.87 034.36 029.75 036.46 021.62 050.19 036.94 046.07 039.43 
04 03 01 07 19 05 01 04 02 12 12 05 19 05 15 19 02 16 12 18 01 01 15 05 09 15 05 16 01 18 18 04    039.95 032.07 016.94 042.62 033.41 021.20 042.79 045.87 034.93 031.61 023.28 019.96 019.29 017.49 013.13 019.97 029.96 017.07 018.11 015.62 025.00 027.60 017.00 027.70 029.35 031.49 016.08 044.40 035.45 039.78 036.77 
14 18 10 07 07 10 08 07 04 15 06 19 01 19 03 16 07 04 11 10 10 07 03 15 17 17 17 04 15 03 16 07    038.34 027.53 016.18 038.43 032.05 016.35 039.51 039.84 031.66 030.16 023.88 012.76 013.10 019.11 013.74 022.52 024.63 014.41 021.72 019.02 028.93 029.97 021.27 022.83 029.33 030.27 016.69 043.52 031.31 035.15 034.47 
17 09 18 15 15 10 04 16 11 01 13 17 04 02 16 04 05 02 01 04 04 17 07 15 10 01 14 04 17 17 16 04    038.50 026.27 012.51 032.70 029.77 015.69 037.65 035.52 027.62 026.60 023.94 011.72 016.44 020.86 013.78 024.34 022.57 010.93 026.46 023.17 029.56 028.97 024.74 019.48 030.05 029.13 019.52 043.56 034.41 032.29 039.97 
07 07 10 17 19 03 07 19 19 10 14 19 08 03 04 07 14 01 14 04 02 16 15 15 17 07 07 10 05 15 03 17    038.32 023.12 015.12 029.53 028.34 016.36 033.96 035.15 029.12 024.50 026.97 012.32 021.93 020.86 017.86 023.33 021.85 012.18 024.85 020.44 025.37 030.55 027.09 020.85 032.05 030.44 023.14 046.05 034.35 032.26 043.71 
03 10 15 15 17 19 02 06 03 12 19 07 15 04 19 07 01 13 11 03 04 17 05 04 10 17 12 04 16 12 05 10    032.92 016.82 014.04 023.50 026.85 016.79 032.76 033.14 028.82 024.88 024.79 013.40 021.26 022.21 017.13 023.51 018.93 015.02 024.63 025.15 026.77 032.32 028.87 023.01 034.71 029.48 026.46 044.15 033.30 031.59 044.22 
11 10 09 16 03 01 11 06 11 05 07 08 07 17 10 15 10 13 02 05 11 03 17 15 03 10 16 10 07 01 15 17    028.14 018.07 017.33 020.21 023.96 020.46 032.30 037.07 027.51 027.02 030.68 015.38 023.93 022.78 018.25 019.37 013.91 014.64 023.85 023.57 023.00 034.72 033.07 024.08 036.28 033.57 033.07 043.19 038.15 033.70 049.45 
16 04 14 06 19 14 16 16 01 18 18 18 13 03 04 17 16 17 12 16 15 05 14 14 07 05 04 11 08 10 05 18    023.71 018.28 017.94 014.41 021.07 022.77 031.27 034.82 027.94 023.10 029.63 017.49 021.48 023.29 019.85 015.89 013.07 020.77 024.38 028.12 023.53 036.94 035.69 028.55 037.29 035.40 035.74 044.11 036.83 037.42 050.33 
03 12 05 07 09 04 03 07 03 11 09 19 15 17 03 02 16 15 15 10 17 11 19 11 02 15 10 17 04 07 14 08    020.62 012.01 020.77 016.49 021.91 025.26 032.13 035.21 029.52 024.37 028.69 019.92 021.70 027.28 021.17 018.16 010.79 024.42 028.11 031.40 021.85 035.95 034.48 032.58 037.11 037.23 041.59 045.21 039.47 041.31 054.56 
14 10 08 16 04 06 04 07 11 03 12 11 11 13 13 14 07 19 04 16 15 07 17 10 07 18 15 07 05 14 01 07    020.13 015.36 025.56 020.68 023.57 028.69 034.53 033.99 033.35 030.28 034.12 023.34 022.83 026.30 022.14 015.57 008.81 026.65 027.80 030.37 023.52 032.73 035.06 038.42 040.35 041.77 044.11 048.42 042.80 045.95 061.14 
17 04 04 18 11 17 07 17 04 13 04 07 11 16 05 05 17 04 14 08 16 07 11 07 19 03 11 04 16 13 07 07    022.48 020.62 027.09 025.71 022.51 030.03 038.11 032.72 037.20 029.10 036.04 021.34 017.95 025.75 016.71 008.32 011.79 025.84 025.68 028.52 020.89 025.71 029.38 038.24 037.32 040.44 041.91 045.84 042.42 049.68 061.87 
06 03 10 01 10 15 17 03 09 07 19 17 03 07 17 08 08 17 01 02 04 11 15 06 07 03 12 09 11 19 17 15    020.76 016.94 031.96 030.32 023.87 032.51 043.03 036.05 039.33 028.29 035.64 024.44 020.52 025.99 016.32 008.86 008.60 025.02 024.78 030.71 014.60 023.40 029.17 039.61 035.54 043.31 042.52 049.34 044.88 052.46 063.43 
17 07 16 02 04 14 11 19 09 10 13 04 19 11 19 09 09 15 10 12 10 11 01 05 17 17 17 10 17 04 17 04    019.19 015.95 031.49 033.42 027.03 033.04 042.86 035.26 044.02 027.47 036.06 028.60 023.02 025.55 016.05 014.88 009.53 025.12 031.75 032.66 016.89 022.87 034.90 043.87 035.75 046.75 046.01 052.90 048.97 057.60 062.21 
13 05 11 02 03 03 09 06 10 06 20 07 03 07 01 09 04 01 01 16 13 03 05 07 10 10 07 15 03 02 11 08    048.44 045.36 030.37 046.67 056.12 042.72 035.38 021.04 015.49 023.10 018.17 025.28 009.02 024.31 015.68 024.70 027.93 034.28 035.67 038.87 048.96 050.21 021.06 045.36 037.37 032.59 014.87 023.67 028.72 040.74 046.34 
12 03 20 11 08 01 12 07 04 14 03 15 12 16 01 19 11 20 04 02 07 11 10 19 10 18 08 16 18 08 01 03    043.80 047.69 030.58 046.14 054.45 042.51 034.51 021.45 015.97 025.03 023.31 025.33 013.75 024.45 017.09 025.09 022.61 029.00 030.88 035.07 045.92 046.34 022.10 040.68 030.99 031.13 008.80 025.19 031.02 040.40 045.36 
12 04 11 12 01 10 19 14 08 10 14 04 01 17 02 16 07 03 02 10 08 08 11 09 15 03 11 11 05 05 03 08    039.44 049.76 035.06 049.27 051.06 041.44 037.02 022.23 012.81 024.56 030.44 025.31 013.49 029.04 020.82 029.22 021.25 031.08 033.75 035.51 049.64 045.34 024.17 041.17 030.24 026.90 006.24 031.49 033.21 045.37 048.56 
05 07 12 17 11 09 01 15 10 05 02 10 19 14 13 09 12 13 08 15 03 11 14 02 08 08 07 19 01 07 08 01    036.21 047.34 033.19 051.29 050.52 040.56 038.55 020.74 012.07 019.73 031.20 025.90 011.91 029.51 018.59 028.38 026.66 035.59 035.81 038.96 049.84 045.49 027.46 046.28 032.71 022.75 007.78 035.17 035.59 046.32 050.27 
05 12 07 14 04 17 02 05 03 01 12 01 05 08 16 07 14 07 12 08 14 05 15 19 10 11 19 12 14 06 14 11    029.35 042.66 028.81 049.16 052.48 038.04 037.90 021.00 010.70 018.49 029.01 028.73 018.10 034.12 015.92 026.24 027.59 034.41 038.44 038.17 046.38 040.73 027.68 045.65 029.16 017.24 008.96 035.74 033.38 043.88 047.91 
17 10 16 13 16 17 01 01 04 04 10 11 01 15 01 05 06 01 19 11 11 10 17 19 01 02 10 08 10 16 07 05    027.54 038.31 029.24 050.92 053.08 035.07 041.46 023.43 005.74 015.44 023.31 024.02 022.11 032.87 014.60 024.33 030.15 036.63 040.41 040.32 044.80 038.86 031.27 045.41 028.90 017.81 016.15 036.92 029.50 037.88 044.71 
05 05 16 10 05 07 05 07 17 06 08 11 15 05 09 08 01 11 01 14 09 05 15 12 17 06 09 12 03 15 16 18    026.14 040.84 033.63 052.01 048.85 031.36 043.01 019.09 006.30 013.68 022.21 018.10 018.44 027.56 012.88 020.95 028.40 039.47 040.73 037.09 041.69 036.65 036.20 047.81 031.87 016.58 015.74 035.49 029.67 035.78 043.88 
20 02 07 02 01 15 10 11 03 05 17 04 02 08 01 17 07 14 12 06 17 09 18 01 02 11 18 19 12 20 01 05    025.30 037.39 032.14 050.39 046.23 027.51 040.03 011.89 011.84 014.23 019.29 018.94 014.43 027.74 012.61 015.77 027.60 037.88 037.72 030.95 037.70 032.04 036.77 047.52 028.79 016.14 012.26 035.09 030.72 033.66 039.30 
14 01 18 02 08 15 07 06 11 10 01 01 17 03 12 05 05 03 01 02 03 03 07 05 13 20 14 03 11 02 09 06    024.62 033.37 032.75 050.31 047.01 022.18 036.43 011.58 012.49 018.44 019.69 018.84 014.86 027.77 015.07 009.27 023.75 035.47 034.94 027.70 034.29 033.32 039.06 044.44 024.72 017.39 014.28 032.58 030.37 029.64 037.17 
16 08 03 09 02 02 17 09 05 04 02 13 08 10 15 02 04 17 18 01 01 10 08 08 07 14 20 17 17 15 10 15    019.28 028.45 032.10 048.08 043.18 020.88 032.20 014.90 010.65 017.32 021.48 018.51 020.49 026.09 013.70 011.88 021.96 034.93 035.62 026.09 031.56 032.27 037.49 043.54 023.52 019.63 017.22 035.76 028.78 029.86 034.04 
20 01 19 02 11 07 04 15 19 01 10 07 07 17 01 15 14 16 07 01 08 19 06 14 16 03 02 14 03 13 04 02    013.50 025.08 029.21 042.17 037.40 021.12 026.28 013.49 011.62 017.56 020.86 019.56 022.14 022.48 014.25 013.17 022.20 037.45 034.12 026.08 029.82 028.99 035.40 038.65 020.64 023.98 021.73 035.93 024.94 028.22 032.25 
01 01 10 07 15 17 04 05 05 12 01 06 19 07 01 11 05 14 05 06 11 13 08 12 14 19 03 04 08 17 17 12    007.69 021.80 027.16 043.02 039.75 020.42 026.22 016.19 010.52 018.45 018.70 026.28 026.42 026.41 011.86 014.04 020.61 037.45 036.05 026.39 029.65 024.25 035.40 038.33 020.86 026.93 026.46 036.14 021.08 030.47 033.31 
15 09 04 07 01 07 05 07 19 02 03 05 08 05 10 17 02 07 08 07 15 17 07 18 13 16 17 07 16 07 08 07    009.17 022.30 028.40 037.92 038.46 016.58 020.04 017.46 012.99 024.18 024.38 029.37 031.28 027.29 013.27 015.90 018.59 037.15 033.44 026.70 023.57 020.33 033.35 032.52 024.31 028.04 025.07 031.12 021.89 032.65 028.56 
07 07 03 12 10 04 03 04 07 04 13 10 08 15 11 15 07 16 15 08 01 12 05 03 06 07 15 11 14 04 03 12    010.82 018.65 024.92 035.65 034.73 015.69 016.45 017.54 013.26 026.34 025.37 031.21 033.12 032.24 012.76 023.21 020.02 035.32 030.79 024.20 021.53 016.74 031.01 031.17 026.09 031.52 028.49 030.49 020.15 030.45 027.60 
20 12 17 11 12 08 20 07 16 07 06 10 16 01 18 11 09 09 11 05 05 17 19 11 16 01 03 01 13 20 01 10    012.36 017.76 022.99 030.08 032.29 016.22 011.50 015.56 014.66 029.89 026.94 036.89 033.31 036.97 014.68 026.82 022.80 029.91 027.20 021.82 018.88 010.20 023.84 026.20 021.47 029.08 027.59 029.75 018.23 033.28 026.36 
12 17 09 08 08 17 20 01 04 01 10 08 02 15 07 01 04 16 14 02 02 01 17 12 04 17 01 09 05 01 12 10    011.51 012.85 023.46 032.61 036.99 014.66 013.92 014.30 016.68 027.38 029.32 041.45 038.16 039.59 014.59 026.43 024.20 029.86 030.72 027.04 021.73 007.51 021.53 024.71 020.16 027.25 029.71 029.92 021.34 039.56 030.30 
10 04 10 14 12 04 01 13 14 12 01 08 12 08 13 13 04 05 01 01 12 15 01 17 04 16 03 19 11 01 02 17    015.47 016.15 025.52 030.69 035.40 010.28 009.31 013.73 017.06 030.26 031.07 041.90 039.58 037.59 016.67 028.15 022.25 026.32 025.50 029.02 024.88 006.34 016.68 019.35 017.12 022.77 029.54 028.49 024.11 043.35 030.54 
04 09 11 05 16 16 02 15 01 10 11 04 10 10 07 11 05 12 06 01 01 01 01 03 17 08 09 19 15 11 11 02    022.23 021.89 024.65 031.86 031.38 013.27 006.12 015.94 019.42 027.08 029.01 038.96 034.32 033.89 017.74 029.26 022.99 023.44 020.32 024.40 024.76 008.01 016.55 018.52 023.19 021.90 026.07 022.61 023.02 040.19 030.73 
11 07 17 15 07 05 05 04 03 10 12 11 05 02 05 17 09 03 17 16 19 01 03 18 09 12 07 17 17 01 07 01    023.45 022.91 027.47 034.20 030.59 016.12 011.23 014.08 019.47 026.25 030.43 034.16 032.83 035.18 018.01 027.04 022.56 020.03 020.99 027.45 027.33 008.07 018.55 019.16 019.54 015.70 026.03 022.44 027.48 044.35 034.44 
05 17 14 18 14 13 25 01 15 05 04 16 08 09 17 07 07 14 07 10 08 03 02 09 08 13 17 20 05 01 10 09    025.87 022.70 027.17 028.45 025.56 013.21 012.64 015.49 018.45 028.32 031.37 034.84 040.03 038.34 019.59 028.44 024.45 019.30 017.64 031.06 028.58 007.74 018.93 017.18 014.66 015.66 031.49 023.87 031.26 043.82 035.62 
05 11 02 03 03 09 06 10 06 20 07 03 07 01 09 04 01 01 16 13 03 05 07 10 10 07 15 03 02 11 08 05    028.34 023.39 023.00 028.20 020.92 009.85 013.43 019.14 018.95 029.65 030.23 035.90 041.50 036.23 020.40 027.93 022.70 016.55 012.09 027.36 023.56 012.92 017.53 014.02 020.38 019.90 033.76 022.24 030.29 043.57 038.36 
03 20 11 08 01 12 07 04 14 03 15 12 16 01 19 11 20 04 02 07 11 10 19 10 18 08 16 18 08 01 03 15    035.33 025.65 026.25 031.96 022.48 013.54 010.66 021.68 023.17 028.40 030.48 034.75 036.47 033.71 021.95 022.61 016.78 013.16 014.45 025.82 024.70 012.56 018.37 014.75 022.87 018.49 030.67 025.39 031.14 041.89 038.44 
04 11 12 01 10 19 14 08 10 14 04 01 17 02 16 07 03 02 10 08 08 11 09 15 03 11 11 05 05 03 08 03    036.02 028.03 030.15 030.03 022.37 016.31 016.46 021.35 022.58 033.02 029.52 033.29 040.47 036.43 026.03 021.25 017.06 017.32 017.73 030.74 024.89 012.99 020.18 014.64 020.22 015.28 033.51 026.66 036.11 043.07 040.90 
07 12 17 11 09 01 15 10 05 02 10 19 14 13 09 12 13 08 15 03 11 14 02 08 08 07 19 01 07 08 01 02    031.81 025.94 027.94 024.29 017.02 012.94 017.82 026.18 023.98 035.93 032.77 033.24 043.52 038.72 028.35 026.66 018.04 019.09 020.22 025.69 022.10 014.90 019.97 011.93 019.33 021.40 037.14 029.44 036.57 045.79 039.51 
12 07 14 04 17 02 05 03 01 12 01 05 08 16 07 14 07 12 08 14 05 15 19 10 11 19 12 14 06 14 11 14    033.97 027.30 027.02 026.54 012.18 010.65 013.62 031.18 029.32 037.93 035.39 032.96 045.92 035.60 023.74 027.59 014.86 018.19 020.27 022.14 020.96 020.17 019.66 010.54 020.57 024.98 033.46 028.89 036.82 043.89 038.78 
10 16 13 16 17 01 01 04 04 10 11 01 15 01 05 06 01 19 11 11 10 17 19 01 02 10 08 10 16 07 05 04    031.06 029.68 025.63 024.24 007.05 013.56 015.43 033.81 031.03 033.87 035.28 036.95 044.16 037.91 021.01 030.15 014.79 015.79 020.26 017.32 019.64 022.37 016.88 015.72 020.53 028.72 031.94 022.77 032.68 040.56 038.63 
05 16 10 05 07 05 07 17 06 08 11 15 05 09 08 01 11 01 14 09 05 15 12 17 06 09 12 03 15 16 18 12    037.30 032.45 028.05 022.40 007.96 016.23 015.90 032.86 030.72 034.85 030.45 033.12 038.81 039.08 021.71 028.40 017.35 018.06 021.57 018.63 022.70 026.99 022.92 019.51 020.28 025.32 031.37 021.73 034.32 039.13 040.09 
02 07 02 01 15 10 11 03 05 17 04 02 08 01 17 07 14 12 06 17 09 18 01 02 11 18 19 12 20 01 05 07    039.27 032.45 029.19 021.67 013.70 013.73 018.02 038.77 034.82 036.77 033.29 030.61 042.16 039.72 024.34 027.60 019.78 016.64 020.49 019.71 025.57 033.26 024.17 017.72 021.24 023.87 035.26 023.93 036.44 037.64 040.17 
01 18 02 08 15 07 06 11 10 01 01 17 03 12 05 05 03 01 02 03 03 07 05 13 20 14 03 11 02 09 06 01    038.57 034.82 034.21 026.85 017.41 013.51 013.67 036.05 038.27 038.98 035.78 026.47 042.07 038.01 021.21 023.75 018.42 017.61 021.67 024.81 031.36 036.24 023.99 015.33 019.82 017.50 038.77 030.49 039.64 039.83 038.25 
08 03 09 02 02 17 09 05 04 02 13 08 10 15 02 04 17 18 01 01 10 08 08 07 14 20 17 17 15 10 15 10    037.27 036.01 036.51 026.58 019.99 011.90 015.98 032.61 037.18 041.93 035.61 026.15 039.96 033.28 021.94 021.96 015.54 023.24 025.67 027.25 029.54 034.08 024.36 014.17 018.92 016.30 044.14 030.26 043.22 039.46 039.21 
01 19 02 11 07 04 15 19 01 10 07 07 17 01 15 14 16 07 01 08 19 06 14 16 03 02 14 03 13 04 02 16    034.21 032.82 035.30 022.11 020.91 009.19 021.73 033.32 036.65 042.43 036.70 030.33 041.71 033.18 028.67 022.20 015.66 028.13 030.81 028.99 024.24 031.08 018.85 012.55 017.19 018.64 050.44 029.97 046.99 041.70 038.30 
01 10 07 15 17 04 05 05 12 01 06 19 07 01 11 05 14 05 06 11 13 08 12 14 19 03 04 08 17 17 12 13    029.29 029.52 039.56 025.14 016.30 014.19 019.43 030.40 036.94 038.97 039.54 033.25 044.11 027.93 027.69 020.61 017.27 030.17 030.30 029.98 019.27 032.61 020.47 009.21 017.52 022.69 049.27 030.09 049.08 041.66 036.15 
09 04 07 01 07 05 07 19 02 03 05 08 05 10 17 02 07 08 07 15 17 07 18 13 16 17 07 16 07 08 07 17    028.09 035.24 041.43 031.91 015.45 014.96 013.73 028.70 036.55 039.24 039.13 033.94 042.49 025.07 023.19 018.59 021.50 032.24 035.45 031.44 017.03 034.77 021.21 009.68 016.00 018.68 046.58 034.54 050.94 042.22 033.94 
07 03 12 10 04 03 04 07 04 13 10 08 15 11 15 07 16 15 08 01 12 05 03 06 07 15 11 14 04 03 12 16    026.66 037.35 042.48 029.65 014.09 013.72 009.34 027.10 035.80 037.87 034.33 029.66 043.00 022.79 023.42 020.02 019.34 026.90 031.48 032.82 017.56 035.47 024.60 015.93 022.40 018.75 044.87 035.84 047.87 042.57 031.47 
12 17 11 12 08 20 07 16 07 06 10 16 01 18 11 09 09 11 05 05 17 19 11 16 01 03 01 13 20 01 10 09    028.12 042.08 040.14 025.85 016.75 016.86 013.98 030.08 040.44 040.64 037.12 030.55 045.21 026.14 028.82 022.80 013.34 025.24 030.84 031.65 019.27 032.88 023.50 017.34 025.00 020.02 045.12 039.33 052.34 044.06 034.25 
17 09 08 08 17 20 01 04 01 10 08 02 15 07 01 04 16 14 02 02 01 17 12 04 17 01 09 05 01 12 10 18    030.71 042.74 041.13 026.37 019.55 019.28 016.21 033.24 039.26 039.67 040.41 033.00 046.10 025.88 027.15 024.20 011.28 025.66 032.37 032.00 019.84 030.78 028.60 023.20 028.58 020.54 040.25 044.18 055.43 045.50 036.92 
04 10 14 12 04 01 13 14 12 01 08 12 08 13 13 04 05 01 01 12 15 01 17 04 16 03 19 11 01 02 17 18    036.19 043.87 038.84 024.78 016.25 021.04 023.25 035.05 043.26 043.09 045.23 036.81 047.09 028.40 029.78 022.25 005.46 022.59 031.36 034.45 024.67 027.04 026.83 026.61 027.64 026.96 040.01 045.51 056.99 045.83 037.68 
02 08 10 11 09 11 08 07 10 07 05 11 07 08 12 03 10 08 15 12 02 07 05 19 14 01 12 08 12 06 01 16    047.73 041.55 033.03 037.23 039.93 027.80 039.68 029.71 029.62 029.75 026.42 007.22 024.69 014.39 031.43 034.70 015.01 019.19 022.21 030.74 021.26 008.63 006.25 012.54 021.49 048.05 045.72 027.13 037.40 028.28 044.39 
01 12 05 02 19 10 05 15 07 07 10 12 14 10 17 15 04 12 16 20 03 14 17 05 08 03 03 14 07 11 04 16    045.60 043.44 031.59 036.82 038.86 026.46 035.27 029.65 026.17 030.04 021.82 008.87 026.38 013.07 032.22 034.79 015.88 023.23 021.61 031.12 017.67 009.87 005.24 017.51 026.29 050.50 042.63 019.92 034.53 027.98 040.91 
12 04 16 11 10 08 16 07 17 01 07 05 07 07 07 07 07 08 08 12 07 20 15 17 17 08 15 19 12 03 15 12    047.44 042.90 036.51 036.35 040.83 024.25 034.64 026.73 025.71 032.15 024.77 013.89 026.58 016.68 038.30 036.69 011.96 024.35 021.48 032.32 014.92 011.90 009.27 021.92 027.71 051.08 039.71 014.71 034.10 027.19 038.72 
05 10 07 02 15 01 04 10 03 03 05 01 05 01 02 20 14 07 03 15 16 10 16 15 03 11 15 03 20 04 05 09    046.17 043.54 040.41 039.24 041.76 022.41 038.18 024.60 023.01 032.49 025.47 013.69 029.35 021.22 040.19 037.37 011.17 022.67 017.86 029.54 016.35 012.62 015.15 023.03 032.28 048.66 042.00 016.18 031.11 027.49 040.20 
01 03 06 14 15 09 19 10 15 01 12 07 03 17 01 06 19 18 13 09 01 07 04 14 19 14 07 12 17 10 02 06    043.26 045.61 037.60 034.45 039.71 024.29 035.57 024.96 018.38 030.36 028.27 013.06 032.89 022.19 042.33 034.55 010.95 025.89 020.96 030.48 014.84 011.22 019.14 029.20 035.90 048.34 039.72 011.48 024.56 027.73 038.00 
13 10 11 03 07 11 11 06 06 05 11 10 15 17 03 16 17 14 07 19 09 09 02 08 11 02 09 18 17 15 04 07    037.27 042.71 035.54 033.37 041.32 029.27 033.31 022.32 016.27 031.40 024.64 013.22 028.56 019.23 041.82 026.95 016.35 028.14 022.47 033.49 019.94 007.07 021.27 030.37 038.04 044.52 037.90 013.49 025.46 031.48 037.89 
15 05 03 02 11 07 01 09 17 03 17 11 10 15 10 03 14 11 02 17 05 18 04 10 17 01 02 03 03 04 01 10    034.00 037.40 036.17 029.63 040.44 027.17 034.97 021.40 017.72 031.72 023.88 011.23 022.09 016.99 035.35 023.71 018.31 022.69 020.66 029.66 020.60 006.15 016.27 032.31 036.37 043.80 042.47 014.19 027.71 036.85 037.99 
06 02 03 05 14 07 17 10 14 05 07 17 15 05 01 09 03 03 15 10 11 03 19 05 07 08 05 07 06 04 05 02    038.29 036.56 038.30 029.45 044.02 031.70 040.97 027.31 017.85 032.86 023.50 005.34 023.80 020.01 035.23 018.50 021.80 023.76 024.11 029.23 027.48 011.04 017.95 035.39 037.31 043.30 043.57 017.96 026.64 041.20 036.60 
19 12 14 01 12 08 01 10 04 13 15 05 20 19 04 11 11 10 01 17 02 02 17 17 12 19 03 12 10 11 17 18    041.63 043.69 041.07 031.01 045.10 036.12 042.02 029.54 021.56 038.32 024.19 009.32 026.39 024.81 041.76 021.03 018.37 027.77 024.78 031.70 025.48 013.97 021.07 036.28 036.78 046.54 045.23 022.21 027.46 041.76 034.70 
08 02 01 13 05 12 07 11 07 01 11 12 17 14 11 10 01 02 01 14 03 12 07 01 03 03 05 03 15 11 09 05    042.40 042.39 044.35 031.05 042.59 036.61 041.73 027.50 024.45 042.01 018.52 014.63 022.31 026.81 040.31 016.68 020.74 025.30 025.88 031.57 028.86 019.54 018.57 036.51 036.88 046.11 045.74 026.49 027.93 043.23 035.02 
14 11 04 09 01 03 01 08 07 07 15 07 07 16 01 08 06 05 05 07 05 03 02 11 07 14 15 11 01 10 08 05    047.32 042.38 047.48 032.29 046.14 034.74 047.86 032.06 025.85 045.72 018.60 018.18 020.55 031.41 038.95 018.70 019.48 021.40 026.60 026.87 027.01 021.03 014.78 031.84 037.91 050.64 047.02 027.57 030.51 043.73 034.56 
06 04 09 03 05 11 12 04 07 10 07 07 13 04 03 10 14 07 01 15 07 10 04 01 12 07 14 08 01 07 19 10    049.05 043.72 045.27 035.86 044.25 036.73 050.96 034.93 024.64 046.72 014.64 021.94 020.82 029.97 038.84 015.10 017.72 021.60 030.25 026.36 027.45 023.02 017.10 027.50 037.67 053.63 051.87 030.08 030.15 043.55 036.57 
08 02 08 01 14 02 16 16 11 14 18 17 01 06 08 04 05 11 12 08 07 12 03 10 12 09 17 03 07 01 07 07    046.58 042.95 046.47 033.89 042.82 038.19 048.88 035.10 029.01 045.79 010.58 027.48 022.40 031.43 043.18 017.87 016.53 021.33 031.61 022.18 027.88 023.97 014.95 020.64 038.43 051.86 052.55 029.01 031.12 042.55 034.43 
16 14 10 17 15 02 07 01 07 18 17 07 17 02 19 11 01 10 09 09 10 12 01 01 19 03 15 11 14 10 14 03    049.37 041.91 045.68 038.81 044.52 041.15 051.54 036.24 033.28 045.55 012.30 033.36 022.12 030.57 044.32 017.17 020.04 020.49 034.85 027.48 030.24 029.08 014.04 017.86 043.92 051.97 051.97 036.05 033.71 043.08 034.29 
10 11 08 01 17 01 05 16 07 08 15 01 10 13 12 15 08 07 01 10 05 07 04 07 12 17 09 09 18 04 05 08    047.97 040.82 043.08 041.56 043.29 040.37 048.42 038.98 036.16 044.11 017.60 031.22 022.52 034.53 042.84 019.08 024.00 022.89 033.28 030.11 026.73 025.75 016.01 018.23 043.96 048.39 047.69 036.72 034.33 040.31 029.57 
02 17 02 09 10 12 07 14 10 11 14 10 20 12 03 08 05 15 11 02 11 08 14 17 11 16 02 10 11 15 14 04    048.26 037.15 038.68 040.60 039.44 040.36 044.51 037.85 034.57 039.21 019.28 030.17 024.62 037.62 043.62 018.27 022.74 025.63 031.88 027.98 021.00 020.55 010.44 018.45 042.91 042.63 041.19 033.27 031.56 038.75 026.91 
16 11 07 13 06 03 19 07 20 12 12 05 04 12 06 11 07 20 01 01 01 12 08 11 08 09 11 11 12 08 03 16    050.36 040.22 040.95 043.28 038.69 043.19 044.84 042.77 036.61 042.21 019.55 031.20 026.86 038.99 046.40 018.57 026.94 026.03 036.39 031.61 016.74 018.52 005.00 020.25 047.88 046.50 041.76 037.95 036.17 043.09 031.76 
03 15 12 01 20 10 18 05 10 20 03 08 13 16 11 12 15 17 06 17 04 04 17 12 01 06 09 10 19 04 17 07    055.88 040.54 044.71 045.99 040.92 044.20 044.97 044.69 037.97 043.11 019.38 034.12 025.74 039.94 044.66 016.61 026.87 027.32 038.90 035.09 016.53 018.71 007.21 022.43 053.15 050.88 038.24 042.00 033.45 044.18 032.46 
11 08 17 13 03 04 02 11 07 14 05 16 07 11 05 14 05 04 07 10 01 17 06 19 14 14 11 12 02 02 01 08    053.13 041.24 044.07 046.37 035.54 042.54 043.61 041.88 034.04 036.65 020.93 030.73 024.89 042.30 041.23 015.40 025.25 030.70 035.80 032.74 013.66 013.28 012.59 025.80 053.38 050.27 032.76 038.74 026.54 041.37 025.96 
11 12 16 11 06 09 14 11 05 12 10 06 01 15 14 06 01 15 11 08 20 10 01 04 03 14 11 05 07 12 02 07    050.32 044.65 044.58 045.83 031.68 043.54 038.62 040.33 035.97 036.40 021.59 034.58 025.75 044.59 042.02 013.90 027.05 025.33 036.22 027.64 012.76 011.95 013.33 029.00 055.65 047.70 028.46 040.45 025.75 042.16 025.03 
08 10 11 09 11 08 07 10 07 05 11 07 08 12 03 10 08 15 12 02 07 05 19 14 01 12 08 12 06 01 16 15    055.96 047.13 049.28 049.66 036.38 047.67 040.31 042.65 040.32 038.77 021.24 038.12 026.02 045.71 048.36 015.01 032.82 025.20 041.67 029.92 015.88 014.55 018.02 033.53 060.65 053.18 027.95 044.28 027.71 046.04 031.01 
12 05 02 19 10 05 15 07 07 10 12 14 10 17 15 04 12 16 20 03 14 17 05 08 03 03 14 07 11 04 16 15    058.55 046.45 050.83 052.06 037.54 046.81 043.36 041.09 043.30 034.70 021.68 038.93 026.50 047.32 047.87 015.88 036.85 025.72 042.67 028.13 021.51 019.22 021.76 038.76 065.14 053.24 023.78 044.20 030.70 045.62 034.80 
04 16 11 10 08 16 07 17 01 07 05 07 07 07 07 07 08 08 12 07 20 15 17 17 08 15 19 12 03 15 12 02    053.97 047.34 047.41 050.95 032.37 044.42 037.60 036.91 042.42 034.07 023.18 035.40 026.95 049.66 045.52 011.96 034.14 023.25 040.27 024.91 022.17 018.98 022.78 037.51 062.12 047.65 019.97 041.10 028.27 043.52 032.67 
10 07 02 15 01 04 10 03 03 05 01 05 01 02 20 14 07 03 15 16 10 16 15 03 11 15 03 20 04 05 09 08    054.14 051.25 050.32 051.44 029.18 047.10 034.68 033.92 043.13 034.38 023.18 038.23 031.73 050.44 046.61 011.17 030.87 019.45 035.90 025.70 022.74 023.23 022.32 040.85 058.81 050.18 023.82 038.13 030.36 045.52 035.89 
03 06 14 15 09 19 10 15 01 12 07 03 17 01 06 19 18 13 09 01 07 04 14 19 14 07 12 17 10 02 06 06    054.88 047.57 044.55 049.99 026.37 043.66 033.00 028.58 040.76 034.15 018.88 037.76 032.38 048.86 042.47 010.95 028.28 018.52 031.63 020.90 019.06 021.12 022.91 039.32 057.01 049.97 022.06 032.78 033.17 045.59 032.51 
10 11 03 07 11 11 06 06 05 11 10 15 17 03 16 17 14 07 19 09 09 02 08 11 02 09 18 17 15 04 07 15    057.85 050.83 046.71 053.42 026.41 041.86 032.26 028.97 044.72 034.55 025.26 035.76 033.96 051.53 041.27 016.35 029.15 017.46 030.51 023.05 018.79 021.00 020.59 041.37 053.34 051.39 026.44 034.22 037.89 047.64 031.90 
05 03 02 11 07 01 09 17 03 17 11 10 15 10 03 14 11 02 17 05 18 04 10 17 01 02 03 03 04 01 10 01    055.08 053.87 044.99 055.07 026.56 045.10 032.30 033.26 048.08 034.25 027.19 031.98 033.81 048.29 040.45 018.31 024.42 019.12 026.27 022.24 016.77 015.36 019.31 041.31 054.61 056.86 025.91 035.65 044.29 048.53 037.91 
02 03 05 14 07 17 10 14 05 07 17 15 05 01 09 03 03 15 10 11 03 19 05 07 08 05 07 06 04 05 02 11    056.31 057.14 042.37 055.15 026.49 046.85 034.62 033.23 047.75 034.78 027.02 032.63 036.89 046.65 039.47 021.80 020.20 019.54 020.86 020.59 019.44 012.96 019.76 039.99 049.74 059.05 027.12 032.05 047.89 048.16 040.19 
12 14 01 12 08 01 10 04 13 15 05 20 19 04 11 11 10 01 17 02 02 17 17 12 19 03 12 10 11 17 18 08    057.58 053.77 035.67 049.56 026.64 043.27 032.69 028.27 044.91 030.87 025.29 030.89 034.69 047.10 036.89 018.37 019.54 018.45 018.80 014.45 017.12 011.48 021.19 033.89 046.15 056.39 028.91 032.07 045.89 043.51 036.38 
02 01 13 05 12 07 11 07 01 11 12 17 14 11 10 01 02 01 14 03 12 07 01 03 03 05 03 15 11 09 05 14    058.14 057.99 033.09 045.89 023.22 040.65 031.94 032.30 047.21 029.72 030.42 028.34 039.72 048.74 036.10 020.74 021.88 020.90 018.46 011.43 015.50 013.62 025.41 033.45 041.81 054.00 027.22 029.41 043.00 041.06 036.91 
11 04 09 01 03 01 08 07 07 15 07 07 16 01 08 06 05 05 07 05 03 02 11 07 14 15 11 01 10 08 05 02    053.21 054.97 026.49 044.45 018.68 040.20 029.05 030.38 045.74 027.12 030.76 024.23 037.56 042.83 034.32 019.48 016.82 019.18 013.59 009.48 014.73 009.82 025.60 029.83 040.24 050.04 022.28 026.84 040.76 037.02 038.69 
04 09 03 05 11 12 04 07 10 07 07 13 04 03 10 14 07 01 15 07 10 04 01 12 07 14 08 01 07 19 10 19    051.87 049.24 026.09 040.04 021.37 041.80 029.33 025.77 044.73 020.98 028.87 023.36 033.87 041.10 028.19 017.72 012.84 019.99 010.98 014.41 012.16 005.44 024.93 026.26 042.53 051.95 021.13 025.58 039.33 037.71 039.24 
02 08 01 14 02 16 16 11 14 18 17 01 06 08 04 05 11 12 08 07 12 03 10 12 09 17 03 07 01 07 07 11    046.68 046.42 021.69 033.68 021.77 037.29 027.09 025.78 040.41 018.01 028.87 019.30 031.49 041.60 028.40 016.53 017.40 018.49 009.24 018.95 012.57 012.08 025.83 024.73 038.22 049.41 016.78 027.21 036.45 033.40 037.28 
14 10 17 15 02 07 01 07 18 17 07 17 02 19 11 01 10 09 09 10 12 01 01 19 03 15 11 14 10 14 03 07    041.01 041.86 023.82 028.96 022.10 034.63 023.53 025.31 035.45 016.33 030.29 013.17 023.94 037.03 023.15 020.04 017.70 017.05 010.43 022.84 018.95 015.53 023.83 024.78 035.50 047.03 021.82 031.07 035.87 033.58 041.26 
11 08 01 17 01 05 16 07 08 15 01 10 13 12 15 08 07 01 10 05 07 04 07 12 17 09 09 18 04 05 08 07    035.72 038.95 022.60 022.32 019.20 027.24 022.80 022.77 033.12 014.52 027.35 014.49 021.43 032.35 025.38 024.00 019.90 011.10 009.96 025.68 020.80 018.44 024.66 020.08 031.59 044.58 022.72 034.94 034.93 031.03 038.27 
17 02 09 10 12 07 14 10 11 14 10 20 12 03 08 05 15 11 02 11 08 14 17 11 16 02 10 11 15 14 04 02    030.37 032.99 021.52 017.77 020.11 022.39 023.21 020.89 027.89 014.98 022.90 014.20 024.19 033.45 027.03 022.74 024.50 012.78 010.65 024.73 020.97 022.11 024.60 020.25 025.59 038.55 017.53 034.75 031.49 025.26 036.35 
11 07 13 06 03 19 07 20 12 12 05 04 12 06 11 07 20 01 01 01 12 08 11 08 09 11 11 12 08 03 16 01    024.28 029.28 022.28 012.83 024.60 018.59 021.24 014.41 026.72 012.06 019.05 008.00 020.43 028.04 022.93 026.94 029.62 016.68 012.89 026.95 024.68 023.94 026.12 021.66 027.07 036.48 021.50 038.86 035.99 024.88 034.34 
15 12 01 20 10 18 05 10 20 03 08 13 16 11 12 15 17 06 17 04 04 17 12 01 06 09 10 19 04 17 07 10    021.50 031.13 024.05 017.26 026.93 019.47 020.13 015.57 026.44 012.02 018.09 007.08 016.97 023.80 018.86 026.87 029.99 018.28 013.05 023.31 020.59 024.75 020.71 026.87 032.47 034.63 025.85 037.48 038.38 021.54 031.86 
08 17 13 03 04 02 11 07 14 05 16 07 11 05 14 05 04 07 10 01 17 06 19 14 14 11 12 02 02 01 08 10    027.85 035.10 029.06 015.48 026.33 021.44 022.90 018.57 027.01 013.24 018.84 013.73 018.78 025.43 014.84 025.25 026.78 014.00 012.59 019.74 019.79 021.61 015.21 030.53 036.38 037.26 026.03 036.28 039.88 021.90 036.60 
12 16 11 06 09 14 11 05 12 10 06 01 15 14 06 01 15 11 08 20 10 01 04 03 14 11 05 07 12 02 07 17    029.97 035.24 031.20 015.43 026.69 017.21 021.27 023.06 030.20 015.88 023.95 017.23 019.79 028.87 017.98 027.05 023.78 013.58 010.76 017.77 018.18 022.73 015.91 031.98 036.46 036.11 028.23 037.22 042.12 020.84 036.72 
10 11 09 11 08 07 10 07 05 11 07 08 12 03 10 08 15 12 02 07 05 19 14 01 12 08 12 06 01 16 15 12    025.98 034.04 033.84 021.07 031.06 016.15 021.82 026.43 027.80 017.78 023.82 019.98 013.62 030.79 019.19 032.82 022.79 014.54 016.47 018.20 019.85 021.65 011.74 033.15 042.08 038.59 033.94 037.85 048.68 022.31 038.77 
05 02 19 10 05 15 07 07 10 12 14 10 17 15 04 12 16 20 03 14 17 05 08 03 03 14 07 11 04 16 15 15    030.23 037.32 036.19 021.79 030.57 015.71 023.33 030.70 029.51 023.25 024.34 026.17 012.39 033.96 023.23 036.85 021.29 009.91 019.92 017.21 019.16 023.06 008.13 037.43 045.67 039.15 038.49 042.61 052.55 027.49 039.32 
16 11 10 08 16 07 17 01 07 05 07 07 07 07 07 08 08 12 07 20 15 17 17 08 15 19 12 03 15 12 02 19    033.68 034.79 040.82 025.34 031.16 016.60 026.60 035.61 026.19 021.84 018.47 026.89 018.12 033.75 024.35 034.14 023.93 012.93 020.05 013.45 015.37 023.59 004.47 041.81 048.01 035.05 043.32 046.78 052.78 030.25 036.43 
07 02 15 01 04 10 03 03 05 01 05 01 02 20 14 07 03 15 16 10 16 15 03 11 15 03 20 04 05 09 08 01    033.66 034.15 042.33 020.58 033.35 015.20 022.28 032.87 023.20 020.55 017.97 024.41 021.97 033.35 022.67 030.87 019.44 010.36 020.42 012.19 008.28 022.44 010.10 040.61 049.55 032.20 038.87 045.59 052.71 031.62 030.61 
06 14 15 09 19 10 15 01 12 07 03 17 01 06 19 18 13 09 01 07 04 14 19 14 07 12 17 10 02 06 06 02    035.85 032.55 043.36 021.11 033.82 018.05 023.75 032.65 027.41 025.53 021.01 028.58 024.47 037.55 025.89 028.28 017.16 008.08 022.09 016.85 007.60 023.20 011.40 043.00 052.12 030.78 036.15 050.42 056.11 034.03 033.33 
11 03 07 11 11 06 06 05 11 10 15 17 03 16 17 14 07 19 09 09 02 08 11 02 09 18 17 15 04 07 15 10    040.93 033.30 047.87 023.76 034.34 019.46 023.16 039.07 024.42 029.27 017.60 027.60 027.85 035.86 028.14 029.15 015.77 011.42 025.47 023.38 008.95 021.26 012.37 043.56 056.56 034.17 042.66 055.56 059.32 038.22 034.97 
03 02 11 07 01 09 17 03 17 11 10 15 10 03 14 11 02 17 05 18 04 10 17 01 02 03 03 04 01 10 01 06    043.73 032.77 047.49 021.74 036.22 017.69 024.23 041.37 022.73 027.99 014.12 024.53 028.61 035.78 022.69 024.42 015.25 011.42 025.00 022.87 009.53 021.50 017.64 047.44 060.03 031.64 042.97 057.26 057.37 040.55 036.34 
03 05 14 07 17 10 14 05 07 17 15 05 01 09 03 03 15 10 11 03 19 05 07 08 05 07 06 04 05 02 11 08    047.86 032.60 046.95 018.61 039.12 021.13 024.08 039.59 023.65 028.05 015.90 025.95 029.40 034.77 023.76 020.20 009.87 007.90 024.35 024.70 008.17 018.78 020.56 043.83 060.34 032.84 037.60 057.75 053.54 040.91 038.86 
14 01 12 08 01 10 04 13 15 05 20 19 04 11 11 10 01 17 02 02 17 17 12 19 03 12 10 11 17 18 08 17    049.26 031.27 045.15 021.29 040.40 024.61 023.31 041.60 022.45 031.59 019.52 027.56 033.37 036.08 027.77 019.54 013.34 009.72 024.64 029.97 008.40 019.42 017.61 045.77 063.69 038.43 042.03 059.96 053.80 043.75 042.18 
01 13 05 12 07 11 07 01 11 12 17 14 11 10 01 02 01 14 03 12 07 01 03 03 05 03 15 11 09 05 14 04    053.69 034.09 045.00 027.25 040.98 024.20 026.52 047.69 017.11 035.72 017.69 029.76 036.07 032.36 025.30 021.88 016.21 012.56 029.55 031.49 010.12 020.56 020.68 048.69 064.18 039.36 043.63 061.04 053.64 048.58 043.59 
04 09 01 03 01 08 07 07 15 07 07 16 01 08 06 05 05 07 05 03 02 11 07 14 15 11 01 10 08 05 02 11    055.75 032.39 047.16 027.04 044.48 025.79 028.36 049.12 015.36 034.24 018.11 031.18 036.53 029.95 021.40 016.82 019.57 009.94 025.51 027.84 010.25 019.28 025.79 050.77 060.97 035.22 041.11 056.25 048.81 049.97 045.85 
09 03 05 11 12 04 07 10 07 07 13 04 03 10 14 07 01 15 07 10 04 01 12 07 14 08 01 07 19 10 19 12    054.44 033.48 044.24 026.11 046.94 029.98 027.19 050.91 015.72 035.85 024.15 031.95 038.97 029.60 021.60 012.84 021.52 009.53 025.69 024.31 009.74 017.22 024.35 051.58 063.48 032.40 038.10 052.15 049.32 050.29 049.15 
08 01 14 02 16 16 11 14 18 17 01 06 08 04 05 11 12 08 07 12 03 10 12 09 17 03 07 01 07 07 11 12    056.99 036.57 042.72 030.65 048.22 033.75 030.84 052.04 015.62 041.58 026.17 030.79 043.08 030.28 021.33 017.40 023.29 012.47 032.92 029.48 011.22 016.09 027.75 052.92 066.39 033.69 044.25 053.59 049.64 054.38 051.35 
10 17 15 02 07 01 07 18 17 07 17 02 19 11 01 10 09 09 10 12 01 01 19 03 15 11 14 10 14 03 07 09    054.84 041.21 043.81 034.93 049.17 035.48 035.53 050.96 017.97 044.39 025.19 028.60 044.89 025.81 020.49 017.70 025.91 018.42 035.30 034.32 012.78 009.55 034.73 051.87 063.74 038.32 046.04 051.78 048.52 058.70 054.01 
08 01 17 01 05 16 07 08 15 01 10 13 12 15 08 07 01 10 05 07 04 07 12 17 09 09 18 04 05 08 07 07    054.99 042.23 041.27 033.83 045.99 038.39 039.06 051.95 019.99 042.96 028.21 032.97 044.61 026.85 022.89 019.90 023.38 018.36 033.13 031.19 012.84 009.46 035.36 048.26 060.47 039.27 047.96 049.86 045.42 055.81 056.57 
02 09 10 12 07 14 10 11 14 10 20 12 03 08 05 15 11 02 11 08 14 17 11 16 02 10 11 15 14 04 02 11    053.58 044.42 039.90 035.32 042.71 040.71 041.87 051.14 025.57 043.04 033.33 035.76 048.41 030.28 025.63 024.50 021.40 021.05 031.60 034.43 018.25 011.37 037.28 045.71 058.98 038.42 051.71 051.32 045.73 059.21 056.89 
07 13 06 03 19 07 20 12 12 05 04 12 06 11 07 20 01 01 01 12 08 11 08 09 11 11 12 08 03 16 01 11    054.99 050.02 039.04 040.80 043.07 045.43 042.35 054.45 026.83 041.98 034.07 033.16 049.48 028.93 026.03 029.62 024.84 027.53 033.54 035.73 022.59 012.19 043.37 051.62 059.66 043.75 057.45 057.64 049.35 060.82 060.91 
12 01 20 10 18 05 10 20 03 08 13 16 11 12 15 17 06 17 04 04 17 12 01 06 09 10 19 04 17 07 10 14    059.47 051.63 039.94 042.27 041.57 047.50 045.48 055.29 027.91 043.26 034.72 034.95 047.92 026.01 027.32 029.99 026.38 030.24 028.29 031.26 020.41 015.83 048.75 056.12 056.59 047.76 054.04 059.27 047.71 057.82 058.35 
17 13 03 04 02 11 07 14 05 16 07 11 05 14 05 04 07 10 01 17 06 19 14 14 11 12 02 02 01 08 10 11    061.30 051.94 035.54 041.21 039.39 049.28 044.86 052.89 032.90 042.00 038.72 039.35 048.78 025.76 030.70 026.78 022.47 030.98 025.27 029.52 018.52 018.14 051.05 057.02 055.59 045.89 049.76 058.09 044.44 058.46 060.05 
16 11 06 09 14 11 05 12 10 06 01 15 14 06 01 15 11 08 20 10 01 04 03 14 11 05 07 12 02 07 17 17    057.04 051.29 033.46 041.33 034.69 044.94 044.98 049.79 031.32 041.35 036.69 038.65 048.63 024.53 025.33 023.78 021.60 028.55 020.08 024.52 017.08 019.89 052.49 055.29 048.18 045.94 044.75 055.66 038.27 052.16 055.49 
11 09 11 08 07 10 07 05 11 07 08 12 03 10 08 15 12 02 07 05 19 14 01 12 08 12 06 01 16 15 12 19    053.97 049.54 030.41 040.57 028.08 042.01 042.81 045.65 027.71 040.43 032.91 033.62 050.82 022.21 025.20 022.79 021.97 023.50 016.91 021.39 015.47 020.48 051.74 055.04 044.12 044.15 040.30 054.84 035.32 049.34 054.88 
02 19 10 05 15 07 07 10 12 14 10 17 15 04 12 16 20 03 14 17 05 08 03 03 14 07 11 04 16 15 15 01    052.02 047.67 025.08 037.05 028.39 036.73 041.04 040.54 027.47 038.01 032.64 033.45 049.70 021.61 025.72 021.29 021.63 018.83 014.56 018.24 017.79 023.69 053.14 053.35 037.84 042.78 038.64 052.74 035.29 043.91 053.72 
11 10 08 16 07 17 01 07 05 07 07 07 07 07 08 08 12 07 20 15 17 17 08 15 19 12 03 15 12 02 19 03    051.18 050.34 023.74 037.42 028.39 037.59 045.65 041.12 030.98 036.13 035.53 040.18 051.76 021.48 023.25 023.93 022.19 021.38 017.47 017.97 018.86 027.90 055.15 053.44 034.19 044.00 039.92 052.20 036.18 041.94 052.31 
02 15 01 04 10 03 03 05 01 05 01 02 20 14 07 03 15 16 10 16 15 03 11 15 03 20 04 05 09 08 01 14    047.90 048.70 016.99 037.82 025.01 030.69 042.08 036.03 027.15 034.69 034.10 040.21 048.25 017.86 019.45 019.44 019.29 020.77 017.05 016.38 017.62 028.73 050.17 052.87 031.48 037.09 039.76 050.18 036.17 035.89 045.45 
14 15 09 19 10 15 01 12 07 03 17 01 06 19 18 13 09 01 07 04 14 19 14 07 12 17 10 02 06 06 02 01    042.59 047.64 012.93 035.88 026.04 028.67 038.90 037.95 028.00 035.68 035.56 040.77 047.73 020.96 018.52 017.16 015.99 016.65 019.49 014.33 020.41 028.05 048.54 053.03 028.74 032.24 042.50 050.83 033.44 036.97 047.08 
03 07 11 11 06 06 05 11 10 15 17 03 16 17 14 07 19 09 09 02 08 11 02 09 18 17 15 04 07 15 10 03    039.14 047.29 013.08 032.48 022.96 024.04 039.44 032.75 030.09 029.60 031.18 039.93 041.76 022.47 017.46 015.77 013.53 015.97 018.67 012.24 017.87 027.32 043.16 052.82 028.33 034.60 045.35 051.55 032.59 033.68 048.27 
02 11 07 01 09 17 03 17 11 10 15 10 03 14 11 02 17 05 18 04 10 17 01 02 03 03 04 01 10 01 06 16    033.06 043.15 008.74 029.50 018.30 023.84 038.70 033.93 030.60 025.82 028.67 035.53 040.92 020.66 019.12 015.25 012.80 011.04 016.73 013.77 023.18 026.39 040.08 053.52 023.41 031.68 047.46 048.28 033.68 031.91 044.09 
05 14 07 17 10 14 05 07 17 15 05 01 09 03 03 15 10 11 03 19 05 07 08 05 07 06 04 05 02 11 08 04    028.43 040.81 009.65 031.44 017.43 022.73 035.35 030.99 028.57 021.01 027.34 031.40 037.26 024.11 019.54 009.87 007.99 015.27 020.61 010.60 023.74 022.21 035.81 054.91 027.21 030.09 051.10 047.30 034.29 034.93 046.70 
01 12 08 01 10 04 13 15 05 20 19 04 11 11 10 01 17 02 02 17 17 12 19 03 12 10 11 17 18 08 17 12    021.04 034.33 012.28 028.31 016.83 016.95 031.11 027.95 025.84 019.53 025.71 032.75 034.94 024.78 018.45 013.34 012.17 015.58 021.50 013.05 028.42 017.57 032.98 052.45 027.45 030.27 048.91 042.57 031.49 032.12 048.42 
13 05 12 07 11 07 01 11 12 17 14 11 10 01 02 01 14 03 12 07 01 03 03 05 03 15 11 09 05 14 04 10    019.36 030.51 015.23 025.25 014.04 017.47 033.64 023.98 030.19 013.53 026.74 030.52 032.60 025.88 020.90 016.21 016.52 022.51 023.24 018.46 032.88 013.47 032.61 052.63 027.37 032.81 051.24 042.83 036.09 031.35 048.87 
09 01 03 01 08 07 07 15 07 07 16 01 08 06 05 05 07 05 03 02 11 07 14 15 11 01 10 08 05 02 11 06    013.73 028.52 015.45 025.04 010.31 016.92 031.06 024.73 028.62 013.79 023.23 026.05 030.37 026.60 019.18 019.57 020.22 025.21 019.56 021.59 037.25 012.53 033.25 047.93 023.57 031.38 047.81 038.03 035.30 031.63 047.30 
03 05 11 12 04 07 10 07 07 13 04 03 10 14 07 01 15 07 10 04 01 12 07 14 08 01 07 19 10 19 12 14    015.30 024.02 013.20 025.77 011.10 016.81 032.13 026.73 029.12 017.74 024.39 027.86 031.08 030.25 019.99 021.52 021.57 029.50 020.46 023.42 038.73 009.10 034.80 052.10 022.19 032.17 046.69 041.34 036.32 034.89 048.06 
01 14 02 16 16 11 14 18 17 01 06 08 04 05 11 12 08 07 12 03 10 12 09 17 03 07 01 07 07 11 12 05    019.59 021.83 015.09 025.75 015.45 019.85 034.35 027.27 033.97 018.16 025.67 032.07 035.09 031.61 018.49 023.29 018.21 033.32 025.09 026.65 038.28 007.02 035.15 055.24 023.53 037.58 045.95 042.06 040.70 035.55 054.45 
17 15 02 07 01 07 18 17 07 17 02 19 11 01 10 09 09 10 12 01 01 19 03 15 11 14 10 14 03 07 09 03    023.95 020.83 021.49 024.59 016.07 021.69 032.70 025.99 034.82 017.92 019.66 029.37 030.25 034.85 017.05 025.91 018.26 036.13 030.81 030.60 034.91 010.00 034.87 053.86 028.71 042.89 045.26 043.67 046.06 038.43 057.19 
01 17 01 05 16 07 08 15 01 10 13 12 15 08 07 01 10 05 07 04 07 12 17 09 09 18 04 05 08 07 07 12    024.17 019.75 020.60 024.07 018.97 021.85 035.27 019.23 032.17 019.26 017.67 028.94 029.21 033.28 011.10 023.38 012.26 035.92 030.90 027.08 029.28 013.52 035.10 052.44 029.29 044.62 043.30 039.75 044.93 042.30 056.04 
09 10 12 07 14 10 11 14 10 20 12 03 08 05 15 11 02 11 08 14 17 11 16 02 10 11 15 14 04 02 11 11    026.88 020.17 018.98 021.75 025.54 027.11 036.52 021.22 032.06 022.72 022.91 035.95 033.30 031.88 012.78 021.40 010.09 033.55 031.91 028.40 025.71 015.93 030.56 050.19 025.26 047.11 041.56 037.72 046.96 043.60 055.59 
13 06 03 19 07 20 12 12 05 04 12 06 11 07 20 01 01 01 12 08 11 08 09 11 11 12 08 03 16 01 11 17    032.10 018.48 023.57 020.15 029.45 026.87 041.26 023.99 033.41 023.52 020.41 035.79 032.97 036.39 016.68 024.84 012.00 036.90 036.16 032.21 027.02 019.18 033.83 050.86 029.25 053.64 047.85 041.14 049.31 048.36 060.08 
01 20 10 18 05 10 20 03 08 13 16 11 12 15 17 06 17 04 04 17 12 01 06 09 10 19 04 17 07 10 14 10    033.23 020.72 028.53 018.82 027.09 028.88 040.73 025.54 031.47 025.01 015.08 030.50 029.68 038.90 018.28 026.38 012.97 034.19 033.19 033.89 022.91 023.84 039.88 050.72 034.69 053.41 052.16 038.48 048.22 047.11 058.87 
13 03 04 02 11 07 14 05 16 07 11 05 14 05 04 07 10 01 17 06 19 14 14 11 12 02 02 01 08 10 11 09    034.62 019.46 027.93 020.58 030.59 029.31 038.87 025.19 029.45 027.17 019.01 032.71 024.55 035.80 014.00 022.47 016.04 028.26 030.08 027.71 016.20 030.18 041.96 049.71 032.98 048.09 049.95 034.98 049.34 049.47 061.07 
11 06 09 14 11 05 12 10 06 01 15 14 06 01 15 11 08 20 10 01 04 03 14 11 05 07 12 02 07 17 17 07    038.33 022.86 028.23 019.19 031.01 034.44 043.05 028.78 034.72 030.65 021.71 039.06 028.78 036.22 013.58 021.60 019.40 025.82 028.35 029.22 018.27 033.08 044.02 048.09 035.28 047.64 051.26 033.59 049.56 051.81 063.30 
09 11 08 07 10 07 05 11 07 08 12 03 10 08 15 12 02 07 05 19 14 01 12 08 12 06 01 16 15 12 19 11    042.36 026.89 034.02 017.82 033.25 037.87 041.88 031.37 035.94 034.02 016.40 042.63 030.74 041.67 014.54 021.97 023.31 027.30 030.72 028.09 015.09 035.69 050.19 051.03 041.19 048.22 057.97 034.65 052.49 057.31 063.04 
19 10 05 15 07 07 10 12 14 10 17 15 04 12 16 20 03 14 17 05 08 03 03 14 07 11 04 16 15 15 01 12    042.93 025.81 034.88 019.46 031.78 038.63 039.25 032.02 031.89 035.82 016.79 042.24 031.12 042.67 009.91 021.63 025.48 023.76 026.81 026.78 010.86 040.51 052.83 047.71 045.06 049.57 059.91 036.23 048.82 058.64 066.06 
10 08 16 07 17 01 07 05 07 07 07 07 07 08 08 12 07 20 15 17 17 08 15 19 12 03 15 12 02 19 03 03    045.68 025.69 032.30 019.68 034.38 043.26 039.07 033.74 030.80 037.81 022.66 046.42 032.32 040.27 012.93 022.19 025.11 020.88 023.80 028.12 014.77 043.43 054.52 043.62 047.55 052.13 058.57 037.53 046.44 059.51 066.75 
15 01 04 10 03 03 05 01 05 01 02 20 14 07 03 15 16 10 16 15 03 11 15 03 20 04 05 09 08 01 14 19    046.99 020.62 034.12 019.39 029.32 039.95 033.44 030.45 027.06 034.18 025.34 043.02 029.54 035.90 010.36 019.29 025.31 019.70 016.81 024.81 012.85 042.31 055.67 039.88 042.56 051.48 057.80 038.24 039.53 052.93 060.05 
15 09 19 10 15 01 12 07 03 17 01 06 19 18 13 09 01 07 04 14 19 14 07 12 17 10 02 06 06 02 01 01    045.81 018.35 033.55 021.25 028.92 036.50 035.47 032.57 028.48 035.11 028.27 045.33 030.48 031.63 008.08 015.99 023.54 022.62 013.81 025.38 013.97 042.70 055.48 035.33 037.57 053.11 058.27 037.00 039.13 054.78 058.48 
07 11 11 06 06 05 11 10 15 17 03 16 17 14 07 19 09 09 02 08 11 02 09 18 17 15 04 07 15 10 03 14    050.00 017.28 034.31 024.85 029.33 043.00 035.52 038.11 029.01 035.83 034.65 046.12 033.49 030.51 011.42 013.53 024.39 028.34 016.10 022.22 018.37 042.94 060.32 037.91 043.52 056.83 061.06 041.31 040.79 059.15 059.55 
11 07 01 09 17 03 17 11 10 15 10 03 14 11 02 17 05 18 04 10 17 01 02 03 03 04 01 10 01 06 16 07    050.63 016.31 036.15 022.45 030.74 046.56 034.14 037.42 025.09 033.85 035.06 046.19 029.66 026.27 011.42 012.80 023.43 027.57 016.13 019.52 019.24 047.26 064.56 035.34 044.13 060.12 060.60 044.86 042.22 055.12 059.84 
14 07 17 10 14 05 07 17 15 05 01 09 03 03 15 10 11 03 19 05 07 08 05 07 06 04 05 02 11 08 04 12    047.43 013.73 037.71 022.69 028.76 042.16 031.49 033.87 022.36 031.95 033.63 041.73 029.23 020.86 007.90 007.99 021.25 027.38 012.26 017.82 021.50 042.48 062.79 034.68 037.76 058.48 055.15 042.27 042.41 053.33 059.30 
12 08 01 10 04 13 15 05 20 19 04 11 11 10 01 17 02 02 17 17 12 19 03 12 10 11 17 18 08 17 12 14    045.10 014.80 038.49 027.36 027.74 042.71 031.73 035.45 026.65 034.51 039.46 043.29 031.70 018.80 009.72 012.17 019.45 029.63 012.09 018.59 020.86 042.22 064.06 037.89 040.35 057.35 053.19 042.48 044.11 058.03 059.87 
05 12 07 11 07 01 11 12 17 14 11 10 01 02 01 14 03 12 07 01 03 03 05 03 15 11 09 05 14 04 10 11    046.72 019.34 040.39 029.49 032.72 050.01 028.91 041.34 025.73 039.29 043.79 042.06 031.57 018.46 012.56 016.52 022.70 030.26 014.56 018.17 022.25 045.43 066.12 038.89 043.13 059.09 054.62 048.60 045.99 058.92 063.27 
01 03 01 08 07 07 15 07 07 16 01 08 06 05 05 07 05 03 02 11 07 14 15 11 01 10 08 05 02 11 06 17    048.67 021.32 043.18 028.65 033.64 051.09 025.13 039.48 024.80 037.98 042.35 038.24 026.87 013.59 009.94 020.22 019.54 026.85 012.60 018.26 025.88 047.06 061.84 033.94 039.65 054.01 049.43 049.69 047.19 055.76 062.94 
05 11 12 04 07 10 07 07 13 04 03 10 14 07 01 15 07 10 04 01 12 07 14 08 01 07 19 10 19 12 14 20    044.89 020.85 044.73 032.05 031.68 051.37 024.47 038.78 029.44 038.32 044.70 036.12 026.36 010.98 009.53 021.57 019.26 020.83 009.70 021.11 024.05 046.40 061.46 028.81 034.86 047.68 047.89 046.98 048.50 051.99 059.66 
14 02 16 16 11 14 18 17 01 06 08 04 05 11 12 08 07 12 03 10 12 09 17 03 07 01 07 07 11 12 05 10    037.87 020.23 040.97 030.84 030.58 047.04 021.08 037.70 025.07 034.59 045.16 034.20 022.18 009.24 012.47 018.21 022.28 018.80 010.56 023.25 022.82 041.54 057.61 022.88 035.44 043.09 042.28 044.32 043.85 053.20 059.22 
15 02 07 01 07 18 17 07 17 02 19 11 01 10 09 09 10 12 01 01 19 03 15 11 14 10 14 03 07 09 03 10    033.12 016.80 036.92 030.07 033.67 042.36 025.27 039.58 022.84 031.44 044.46 032.79 027.48 010.43 018.42 018.26 022.90 021.12 017.40 025.45 023.47 034.52 052.29 022.35 036.30 038.34 041.06 045.26 041.92 053.57 056.37 
17 01 05 16 07 08 15 01 10 13 12 15 08 07 01 10 05 07 04 07 12 17 09 09 18 04 05 08 07 07 12 12    026.10 015.76 030.08 029.56 030.92 040.95 022.48 037.00 024.27 028.40 039.86 033.25 030.11 009.96 018.36 012.26 027.09 023.03 018.95 026.22 019.05 031.46 049.97 024.72 040.24 038.74 039.18 043.57 043.67 053.88 058.00 
10 12 07 14 10 11 14 10 20 12 03 08 05 15 11 02 11 08 14 17 11 16 02 10 11 15 14 04 02 11 11 06    021.00 014.83 024.75 031.40 030.33 037.13 023.63 033.40 024.62 030.76 042.17 034.90 027.98 010.65 021.05 010.09 024.45 023.67 023.09 025.97 020.25 025.02 044.11 018.84 040.32 034.34 034.06 042.35 039.96 050.38 055.29 
06 03 19 07 20 12 12 05 04 12 06 11 07 20 01 01 01 12 08 11 08 09 11 11 12 08 03 16 01 11 17 14    013.92 014.83 017.84 031.65 025.44 037.62 022.71 031.90 020.83 027.84 039.02 032.96 031.61 012.89 027.53 012.00 027.40 026.22 027.19 029.57 019.17 024.75 040.64 018.36 043.35 036.63 033.15 040.73 040.63 051.30 056.24 
20 10 18 05 10 20 03 08 13 16 11 12 15 17 06 17 04 04 17 12 01 06 09 10 19 04 17 07 10 14 10 04    009.85 017.01 011.94 025.38 022.73 035.45 024.04 029.69 019.44 020.79 031.77 029.85 035.09 013.05 030.24 012.97 026.11 023.87 031.01 027.08 020.21 028.05 039.07 021.92 042.17 039.54 028.29 037.43 037.08 048.31 059.08 
03 04 02 11 07 14 05 16 07 11 05 14 05 04 07 10 01 17 06 19 14 14 11 12 02 02 01 08 10 11 09 07    004.56 013.94 011.10 024.72 018.81 031.62 024.95 028.55 020.97 023.40 033.15 026.43 032.74 012.59 030.98 016.04 022.47 022.38 029.73 025.61 022.68 026.92 036.18 017.03 035.74 034.40 023.22 036.14 036.72 047.44 056.11 
06 09 14 11 05 12 10 06 01 15 14 06 01 15 11 08 20 10 01 04 03 14 11 05 07 12 02 07 17 17 07 17    005.37 017.97 011.22 020.93 018.66 031.10 020.45 030.29 016.51 027.28 033.97 022.93 027.64 010.76 028.55 019.40 016.34 016.01 028.20 026.25 028.49 027.31 029.56 018.38 029.98 032.28 016.00 031.39 034.08 045.16 051.78 
11 08 07 10 07 05 11 07 08 12 03 10 08 15 12 02 07 05 19 14 01 12 08 12 06 01 16 15 12 19 11 09    007.48 019.20 011.53 022.91 021.25 033.44 022.23 035.89 019.40 027.95 041.27 021.26 029.92 016.47 023.50 023.31 015.03 016.89 027.42 026.12 032.79 031.65 030.10 021.08 025.61 035.07 015.70 033.74 038.55 044.31 050.45 
10 05 15 07 07 10 12 14 10 17 15 04 12 16 20 03 14 17 05 08 03 03 14 07 11 04 16 15 15 01 12 08    009.46 020.06 017.03 021.10 023.18 031.86 024.03 036.35 021.85 027.88 043.49 017.67 028.13 019.92 018.83 025.48 009.65 013.02 027.94 027.02 039.16 034.54 025.89 024.08 024.29 035.83 018.26 030.07 040.15 047.56 047.68 
08 16 07 17 01 07 05 07 07 07 07 07 08 08 12 07 20 15 17 17 08 15 19 12 03 15 12 02 19 03 03 17    010.21 020.18 013.64 016.62 024.30 029.17 021.56 030.23 018.76 029.59 040.25 014.92 024.91 020.05 021.38 025.11 009.66 013.58 029.87 024.04 037.78 032.81 020.14 025.26 027.57 034.39 015.07 024.15 037.44 045.19 044.50 
01 04 10 03 03 05 01 05 01 02 20 14 07 03 15 16 10 16 15 03 11 15 03 20 04 05 09 08 01 14 19 10    010.73 021.83 011.93 011.97 022.31 029.32 020.48 030.79 020.61 031.68 038.54 016.35 025.70 020.42 020.77 025.31 010.17 018.32 033.04 027.80 033.19 032.59 017.15 019.01 027.01 032.83 015.71 019.71 032.64 038.84 039.35 
09 19 10 15 01 12 07 03 17 01 06 19 18 13 09 01 07 04 14 19 14 07 12 17 10 02 06 06 02 01 01 11    011.55 022.94 016.78 016.36 024.89 035.13 024.48 035.60 024.88 038.02 041.02 014.84 020.90 022.09 016.65 023.54 013.23 018.99 033.73 031.36 036.67 036.49 015.41 015.95 029.77 035.37 016.94 023.91 036.18 041.72 039.94 
11 11 06 06 05 11 10 15 17 03 16 17 14 07 19 09 09 02 08 11 02 09 18 17 15 04 07 15 10 03 14 11    012.22 019.55 017.87 017.62 026.99 036.11 030.86 035.23 026.16 038.91 039.83 019.94 023.05 025.47 015.97 024.39 014.59 023.30 033.11 034.07 030.73 038.65 017.07 019.44 033.09 036.99 019.17 023.60 039.92 042.15 039.48 
07 01 09 17 03 17 11 10 15 10 03 14 11 02 17 05 18 04 10 17 01 02 03 03 04 01 10 01 06 16 07 04    010.42 024.60 020.58 022.81 033.81 039.60 031.24 032.25 029.77 038.73 041.48 020.60 022.24 025.00 011.04 023.43 014.76 022.06 032.37 034.17 033.56 044.98 016.24 021.23 038.07 038.65 025.88 026.19 038.25 046.09 041.50 
07 17 10 14 05 07 17 15 05 01 09 03 03 15 10 11 03 19 05 07 08 05 07 06 04 05 02 11 08 04 12 06    013.75 029.24 025.44 028.96 036.74 043.01 031.74 034.21 035.75 042.71 043.40 027.48 020.59 024.35 015.27 021.25 018.15 020.64 032.65 035.42 031.51 049.04 020.64 019.74 039.75 038.63 028.00 032.83 041.63 050.25 042.25 
08 01 10 04 13 15 05 20 19 04 11 11 10 01 17 02 02 17 17 12 19 03 12 10 11 17 18 08 17 12 14 17    018.06 033.07 029.40 027.99 038.14 039.14 028.16 033.55 037.49 047.46 042.55 025.48 014.45 024.64 015.58 019.45 015.51 019.63 030.19 032.90 033.96 050.12 023.04 024.03 038.55 037.18 027.92 034.59 043.44 048.54 042.52 
12 07 11 07 01 11 12 17 14 11 10 01 02 01 14 03 12 07 01 03 03 05 03 15 11 09 05 14 04 10 11 19    017.65 036.24 033.98 034.90 044.46 038.42 034.29 033.13 044.70 051.59 043.17 028.86 011.43 029.55 022.51 022.70 014.43 023.63 033.49 034.74 034.20 051.16 023.60 025.93 038.18 038.30 032.81 035.42 042.86 050.54 046.86 
03 01 08 07 07 15 07 07 16 01 08 06 05 05 07 05 03 02 11 07 14 15 11 01 10 08 05 02 11 06 17 04    018.30 041.73 035.44 037.55 049.09 036.59 036.70 032.83 045.56 050.24 042.70 027.01 009.48 025.51 025.21 019.54 016.33 018.61 030.27 035.07 037.68 049.83 021.92 024.83 036.37 036.94 038.21 038.52 042.00 052.68 051.10 
11 12 04 07 10 07 07 13 04 03 10 14 07 01 15 07 10 04 01 12 07 14 08 01 07 19 10 19 12 14 20 08    024.28 044.82 039.26 037.23 049.32 034.80 035.69 035.64 046.59 053.29 039.45 027.45 014.41 025.69 029.50 019.26 012.69 017.14 033.31 035.40 038.77 048.19 019.60 020.59 030.05 034.98 035.80 040.62 036.54 047.47 051.96 
02 16 16 11 14 18 17 01 06 08 04 05 11 12 08 07 12 03 10 12 09 17 03 07 01 07 07 11 12 05 10 17    027.21 044.89 041.89 042.27 049.24 034.46 036.87 035.84 049.59 058.44 043.17 027.88 018.95 032.92 033.32 022.28 010.38 023.56 035.39 037.87 034.49 043.92 016.27 022.13 024.69 031.50 032.63 039.65 037.03 046.98 049.59 
02 07 01 07 18 17 07 17 02 19 11 01 10 09 09 10 12 01 01 19 03 15 11 14 10 14 03 07 09 03 10 09    024.47 043.70 040.42 042.75 042.99 034.73 037.17 031.52 045.15 055.12 040.44 030.24 022.84 035.30 036.13 022.90 007.75 025.10 037.37 039.40 030.03 036.85 014.33 018.86 019.47 028.21 032.17 034.80 036.00 040.50 042.97 
