AA0 AA1 AA2 AA3 AA4 AA5 AA6 AA7 AA8 AA9 AA10 AA11 AA12 AA13 AA14 AA15 AA16 AA17 AA18 AA19 AA20 AA21 AA22 AA23 AA24 AA25 AA26 AA27 AA28 AA29 AA30 AA31 D-16-0 D-16-1 D-16-2 D-16-3 D-16-4 D-16-5 D-16-6 D-16-7 D-16-8 D-16-9 D-16-10 D-16-11 D-16-12 D-16-13 D-16-14 D-16-15 D-16-17 D-16-18 D-16-19 D-16-20 D-16-21 D-16-22 D-16-23 D-16-24 D-16-25 D-16-26 D-16-27 D-16-28 D-16-29 D-16-30 D-16-31 
02 10 03 13 14 12 02 07 01 07 07 17 12 14 07 14 01 15 05 04 19 03 01 05 03 11 02 16 06 08 06 10    044.83 044.63 047.34 031.42 036.81 030.00 028.00 031.50 038.53 026.08 034.93 018.43 022.99 036.67 024.74 026.53 017.52 012.85 025.99 020.67 019.38 018.01 045.28 061.72 032.50 045.22 055.82 038.89 042.11 055.44 060.60 
01 03 03 09 15 03 14 17 05 15 07 10 16 03 14 11 01 08 11 17 05 19 08 15 11 12 12 12 15 17 14 12    042.49 048.05 051.37 031.87 037.68 036.49 029.53 034.78 044.27 020.38 034.43 021.69 021.70 039.74 026.90 024.73 021.33 019.62 024.27 019.74 016.84 020.42 050.61 060.14 037.90 045.89 057.98 041.71 044.00 055.96 064.84 
12 10 14 03 17 10 07 03 03 11 17 20 11 15 19 03 05 09 01 10 17 11 19 14 09 19 01 09 01 04 05 06    044.80 052.04 051.27 034.11 036.26 036.59 027.17 031.79 046.66 017.44 036.62 025.12 028.01 041.29 027.11 019.66 022.49 022.26 018.73 014.76 012.45 022.53 052.90 057.13 040.25 041.56 059.12 043.93 043.22 057.67 062.90 
05 05 01 01 10 04 15 15 05 15 07 04 15 07 17 10 01 10 04 05 15 17 03 17 10 02 04 06 11 11 03 14    042.03 052.27 056.76 033.70 034.92 034.94 026.31 031.76 045.41 019.08 040.77 025.66 029.83 045.28 028.44 016.87 018.29 020.83 016.21 014.09 014.48 023.02 050.21 054.13 038.34 043.49 061.15 045.55 046.49 059.35 065.09 
01 02 04 17 06 09 07 06 13 07 01 13 12 20 14 02 12 02 01 17 14 07 14 15 11 07 15 07 08 12 12 04    041.38 053.62 059.71 038.93 033.32 039.41 025.87 031.34 047.56 016.60 041.75 028.37 026.37 046.12 029.60 021.18 018.40 025.26 019.66 014.23 012.80 025.30 049.21 055.36 044.10 050.57 064.70 048.74 052.33 064.21 071.53 
13 12 09 01 20 08 10 17 01 18 10 07 17 06 03 05 09 01 20 15 08 12 07 09 10 06 05 10 14 12 11 07    042.12 058.32 057.98 042.63 035.58 045.46 029.20 034.85 053.72 014.37 040.11 032.41 030.31 046.75 031.35 019.92 023.26 028.23 019.91 011.97 012.38 028.26 049.85 053.61 048.97 054.18 064.50 052.54 053.04 064.32 073.31 
15 02 08 09 03 05 10 14 07 17 05 01 07 16 11 07 01 17 07 16 10 03 09 02 12 11 02 02 02 09 17 17    041.10 060.52 059.02 044.19 031.88 042.63 032.45 034.88 054.76 019.39 038.07 034.11 035.64 045.35 029.74 015.38 022.63 026.68 023.06 013.27 012.16 031.91 045.76 051.49 049.16 055.74 061.19 053.92 053.38 065.32 070.21 
06 11 10 13 06 16 06 04 10 15 08 08 02 03 01 11 11 10 14 04 05 07 03 11 05 03 04 18 19 07 10 09    040.53 060.08 057.78 046.74 032.83 040.38 031.92 032.93 056.69 022.50 040.53 035.19 037.58 049.09 030.46 018.52 017.85 025.88 028.18 015.88 014.07 033.94 048.08 049.92 051.50 059.49 059.82 055.17 057.91 066.00 071.32 
19 04 08 01 11 04 09 07 14 14 16 10 01 09 06 10 01 08 20 02 17 12 17 09 12 04 01 05 11 11 09 08    043.90 061.63 058.90 050.19 037.24 046.98 031.60 037.10 058.05 026.85 039.01 040.11 039.44 047.60 030.11 021.17 019.87 030.66 033.48 014.82 011.84 036.96 055.07 051.45 052.19 066.09 060.98 059.13 059.99 071.97 072.19 
08 02 02 13 10 19 10 07 18 12 06 07 03 11 14 07 06 02 10 04 01 12 16 11 07 10 05 05 07 11 07 17    049.93 060.01 056.44 052.98 035.31 050.71 036.50 039.92 056.71 027.76 041.52 043.40 046.35 045.82 026.81 025.07 024.24 034.98 032.75 013.59 009.42 042.44 058.52 047.86 050.11 067.82 057.38 062.23 061.34 073.02 071.37 
14 14 07 11 08 11 10 07 08 03 07 01 10 10 05 15 07 03 07 19 11 19 09 11 12 15 17 10 07 14 11 10    051.34 058.15 056.78 054.00 031.79 047.27 038.90 037.80 057.44 029.41 043.05 044.62 046.58 044.20 024.71 028.32 021.94 032.80 035.73 016.26 011.60 044.83 058.20 045.09 051.27 065.02 056.79 059.86 058.15 071.13 068.27 
06 11 12 09 01 01 11 11 11 05 14 17 01 08 01 20 11 07 09 17 01 12 06 08 20 04 09 07 02 11 12 11    053.28 053.72 057.29 053.03 025.35 045.29 035.26 038.14 052.31 030.33 039.84 043.75 043.87 039.98 022.33 028.45 018.57 029.42 032.57 011.09 012.65 046.34 058.66 042.33 046.90 059.86 049.89 058.48 056.57 071.12 063.85 
08 17 17 19 09 17 08 07 12 10 07 17 04 10 08 17 12 16 18 07 10 11 14 14 17 04 08 03 01 17 03 11    049.45 048.38 056.05 050.18 020.89 045.44 032.38 039.32 050.70 029.71 035.67 039.00 045.58 035.65 024.48 024.96 015.18 022.81 028.34 006.26 013.70 046.19 056.33 037.24 040.53 053.82 046.06 053.94 052.92 068.22 058.39 
16 11 16 10 11 01 04 07 20 11 05 15 11 04 05 04 20 01 03 02 01 08 14 19 17 11 19 08 10 19 19 04    048.62 044.06 051.62 049.15 018.34 044.31 034.53 038.65 048.16 024.84 034.05 035.26 046.66 033.13 019.83 019.66 014.92 020.49 024.17 007.08 016.88 048.04 053.25 034.39 039.48 046.74 040.89 047.32 051.26 061.07 053.85 
10 15 11 15 07 07 16 10 14 12 03 05 01 11 07 15 12 09 02 04 07 01 12 03 03 11 07 04 10 01 01 06    049.70 044.85 052.44 052.34 018.88 044.63 039.13 041.21 046.05 027.94 036.61 038.09 047.27 031.42 016.69 021.91 017.86 017.37 020.37 004.95 019.82 052.75 056.70 030.94 037.54 042.84 038.59 047.82 053.16 060.93 052.44 
02 08 02 15 07 01 01 20 12 05 15 19 03 15 15 15 15 05 12 03 17 14 03 12 06 10 14 16 17 03 14 17    049.84 045.94 050.12 050.22 019.37 044.15 036.14 036.01 043.08 028.75 032.46 035.92 046.77 031.01 019.57 022.45 016.14 014.28 016.50 008.37 019.92 052.74 054.99 028.96 031.70 036.99 035.39 041.71 049.12 055.12 048.33 
16 12 11 07 08 12 16 10 05 01 10 14 08 08 05 16 09 11 03 01 11 03 15 18 10 07 05 07 12 14 07 19    048.24 046.41 046.57 049.26 019.28 043.71 037.27 034.70 041.34 027.75 030.22 038.91 049.24 031.92 023.08 021.89 011.93 009.78 018.23 014.16 023.78 049.09 053.83 030.89 028.16 036.42 032.84 041.55 045.62 054.34 049.21 
03 10 02 11 12 16 14 07 10 07 15 16 19 11 01 08 19 02 10 04 12 01 15 03 15 01 14 08 15 01 12 04    048.55 040.71 043.30 046.78 017.59 041.03 035.63 030.27 036.73 026.59 025.57 035.83 044.70 026.56 020.98 018.43 009.25 015.19 018.73 017.65 020.40 044.56 056.07 028.84 031.45 036.93 029.27 038.87 046.84 054.80 049.66 
