AA0 AA1 AA2 AA3 AA4 AA5 AA6 AA7 AA8 AA9 AA10 AA11 AA12 AA13 AA14 AA15 AA16 AA17 AA18 AA19 AA20 AA21 AA22 AA23 AA24 AA25 AA26 AA27 AA28 AA29 AA30 AA31 D-16-0 D-16-1 D-16-2 D-16-3 D-16-4 D-16-5 D-16-6 D-16-7 D-16-8 D-16-9 D-16-10 D-16-11 D-16-12 D-16-13 D-16-14 D-16-15 D-16-17 D-16-18 D-16-19 D-16-20 D-16-21 D-16-22 D-16-23 D-16-24 D-16-25 D-16-26 D-16-27 D-16-28 D-16-29 D-16-30 D-16-31 
01 10 16 10 15 17 15 10 01 17 10 15 11 11 03 19 03 19 08 17 19 15 16 11 17 15 15 17 15 15 04 05    035.55 029.63 046.23 039.23 032.68 041.38 046.11 030.07 046.96 053.13 032.91 044.15 028.47 034.35 018.94 010.35 016.31 018.63 024.16 034.48 024.99 008.11 019.83 024.71 021.49 030.04 036.29 036.33 041.32 025.37 044.67 
15 05 03 04 09 15 19 10 08 04 16 16 03 15 05 15 15 10 09 08 04 04 10 15 03 05 15 10 17 05 17 04    033.61 032.48 046.19 042.20 034.93 039.77 045.97 032.27 047.11 049.62 034.54 043.11 028.13 037.37 017.21 013.70 017.41 018.33 027.98 036.54 024.52 013.44 024.74 026.30 024.08 032.63 032.69 037.55 038.02 025.20 044.03 
03 17 14 12 14 16 17 03 04 07 02 11 01 16 04 09 13 03 01 09 17 14 16 17 05 17 04 17 01 17 16 04    027.89 032.33 044.12 035.70 034.45 035.13 044.11 027.32 042.96 043.05 031.83 035.82 023.25 035.94 017.70 009.95 017.12 014.76 028.13 032.79 022.24 012.93 024.32 025.57 028.52 029.87 029.20 036.94 035.78 022.49 042.82 
17 03 17 10 05 06 03 19 07 16 04 12 05 02 04 12 10 04 11 16 15 01 08 15 11 14 15 10 07 14 04 01    024.88 034.70 043.87 033.95 036.37 032.27 041.03 028.70 041.29 041.87 033.98 035.70 023.30 032.43 016.59 009.57 020.58 016.03 026.43 031.76 015.82 011.85 024.40 023.05 025.68 026.58 024.75 034.11 032.09 019.68 041.28 
01 02 06 04 08 07 19 01 02 19 11 15 12 14 17 05 09 06 01 13 17 10 02 16 07 19 14 03 17 07 04 15    029.96 036.72 043.71 040.68 041.93 036.23 040.74 031.47 045.67 041.22 032.68 039.99 023.98 029.93 014.41 014.00 027.40 018.91 031.30 032.55 016.34 013.03 024.28 029.29 026.48 025.49 023.72 035.93 027.30 019.16 040.23 
05 19 17 03 04 16 09 14 11 06 19 01 06 05 16 02 15 03 19 17 17 01 12 04 07 17 11 07 10 12 10 17    031.71 036.41 043.25 041.98 039.84 032.77 041.58 030.94 042.09 036.66 032.10 037.39 024.86 027.61 014.45 017.36 024.97 017.41 031.18 031.87 019.26 017.92 028.39 031.95 029.77 024.01 024.60 035.83 022.52 021.21 033.89 
15 05 15 07 10 18 04 04 16 06 03 10 13 19 19 09 17 13 17 07 01 16 19 10 11 11 10 02 05 16 04 05    029.17 036.63 040.04 035.88 038.98 032.92 038.89 027.27 040.95 036.96 033.42 030.88 023.55 020.38 014.09 016.11 021.36 014.51 029.04 026.88 014.94 018.19 026.98 029.85 027.32 020.33 024.78 033.80 021.77 020.54 034.34 
04 03 11 16 16 01 11 06 03 16 11 12 14 17 01 05 01 03 11 04 16 07 07 17 11 15 07 07 15 04 10 16    024.38 041.29 038.99 034.34 044.09 035.75 035.85 032.65 042.23 037.64 034.99 033.31 025.39 019.62 012.57 018.85 026.72 017.10 030.73 029.30 011.85 017.81 027.35 028.06 029.79 014.81 024.68 030.72 017.79 022.74 034.14 
05 07 12 11 01 02 10 17 04 07 01 05 19 19 04 19 15 02 17 07 04 17 04 07 04 01 06 19 18 10 11 07    025.88 045.17 041.02 034.46 046.48 040.48 036.56 036.43 044.44 037.50 037.02 037.03 021.60 019.09 011.46 023.65 029.53 019.29 032.36 033.16 011.84 022.84 027.35 033.68 032.14 016.87 027.15 031.11 018.76 023.92 027.51 
05 04 12 17 05 03 04 15 07 07 03 18 07 07 08 02 03 19 15 03 05 17 04 11 07 07 05 07 03 15 17 08    021.80 045.87 040.79 034.39 043.38 037.24 037.79 034.71 044.16 031.12 030.53 032.29 020.60 016.77 012.21 025.24 026.42 016.67 031.13 030.22 014.46 024.95 028.29 033.33 031.19 017.97 032.50 031.55 021.87 025.37 025.24 
04 17 16 07 11 19 17 14 17 17 11 11 18 08 15 03 16 16 02 14 10 09 05 16 04 08 07 17 03 11 07 04    016.65 045.05 038.72 032.90 040.34 031.49 034.81 034.34 042.39 027.68 029.19 027.24 021.19 015.24 012.22 026.10 028.99 011.80 032.14 026.28 016.39 022.58 027.56 034.36 030.62 015.29 032.13 027.47 022.52 024.92 025.42 
16 15 19 13 14 12 01 01 11 03 04 03 09 18 07 04 04 04 07 16 12 09 01 17 15 05 14 17 17 12 04 05    015.98 047.76 041.19 030.87 044.61 034.00 031.12 038.73 042.06 030.36 030.22 029.98 018.40 016.45 011.35 029.54 034.33 011.82 036.03 030.01 020.24 022.46 026.11 035.38 029.78 013.05 030.24 022.01 022.67 023.17 026.37 
15 04 07 07 03 02 06 15 11 19 09 13 12 19 13 17 19 07 05 04 12 02 11 01 10 01 17 15 08 17 09 16    010.94 041.75 038.50 024.63 042.25 033.72 026.77 040.66 038.88 027.42 027.47 028.05 016.48 018.43 010.08 028.06 035.56 011.30 030.63 026.26 023.24 022.18 023.88 032.83 027.44 008.83 026.35 018.35 023.93 021.92 026.28 
17 04 07 05 15 17 01 08 07 15 09 07 04 11 15 03 10 07 14 02 11 18 05 11 15 05 13 07 05 15 10 11    013.33 041.04 033.87 020.95 042.78 033.54 029.68 042.11 040.89 028.72 030.79 026.45 022.47 016.60 009.09 022.52 033.10 012.04 029.11 019.77 022.36 019.14 023.43 031.09 021.77 015.50 026.99 020.70 029.27 027.57 028.65 
03 14 03 17 17 04 06 17 07 15 04 10 19 07 11 17 04 15 01 01 01 10 01 14 05 18 17 09 12 15 20 17    011.29 040.87 031.77 016.60 041.53 033.13 024.61 046.50 041.13 029.46 034.74 021.20 022.46 021.66 010.75 024.03 031.17 013.34 031.34 015.71 023.35 021.27 024.96 028.24 020.91 018.33 023.61 018.99 028.13 028.61 030.92 
05 17 18 01 19 14 04 03 16 16 15 03 13 17 11 13 03 17 10 13 14 04 10 01 01 09 12 05 05 07 05 07    012.24 041.38 027.11 014.66 038.09 033.11 020.16 043.35 036.86 024.12 031.46 014.93 015.68 021.29 008.95 023.27 028.66 015.66 030.16 017.87 028.48 023.99 031.97 034.26 022.29 020.22 021.57 020.09 029.28 028.44 030.06 
10 07 09 10 07 16 10 14 17 08 17 07 03 04 03 16 13 02 16 13 11 04 04 07 15 16 01 11 12 01 02 04    012.34 041.61 029.88 016.36 038.06 031.93 019.49 040.77 039.18 024.68 032.37 013.91 019.57 017.48 005.50 020.96 025.17 016.14 027.08 017.85 025.89 024.82 033.35 035.11 024.32 025.89 025.38 025.23 029.73 029.68 031.97 
16 03 07 18 07 19 12 17 04 03 10 10 15 08 19 07 05 14 16 17 02 03 02 17 03 05 07 19 05 17 19 05    011.71 036.38 025.38 011.90 032.96 025.68 015.01 039.65 040.19 026.35 028.61 012.12 022.35 016.99 008.58 019.47 020.53 015.68 025.42 013.98 025.00 023.23 033.14 035.32 024.30 028.82 026.76 026.60 029.92 032.72 031.45 
09 11 10 10 15 07 05 16 03 07 03 02 10 10 02 11 17 05 07 15 12 05 04 16 07 15 09 07 14 15 05 01    011.69 033.46 022.67 016.53 029.68 029.26 017.38 037.28 039.55 024.30 030.11 013.24 023.24 015.88 008.93 013.60 014.53 016.69 024.49 016.97 020.87 023.22 027.71 030.19 026.43 028.96 030.89 033.23 027.84 037.87 031.23 
10 16 10 15 17 15 10 01 17 10 15 11 11 03 19 03 19 08 17 19 15 16 11 17 15 15 17 15 15 04 05 08    013.37 030.62 023.90 016.76 026.55 030.25 015.62 033.36 042.40 025.43 033.22 016.12 025.47 018.65 007.43 016.31 012.78 010.94 021.06 021.28 018.46 022.24 027.08 032.44 031.35 030.28 038.13 038.70 029.00 041.92 032.55 
05 03 04 09 15 19 10 08 04 16 16 03 15 05 15 15 10 09 08 04 04 10 15 03 05 15 10 17 05 17 04 11    016.04 029.44 026.27 021.33 025.12 032.22 019.70 034.79 042.30 030.27 034.67 018.35 032.88 022.35 004.91 017.41 010.72 012.29 021.03 022.53 019.24 022.91 023.60 030.67 034.74 031.12 042.01 041.41 031.35 046.18 037.32 
17 14 12 14 16 17 03 04 07 02 11 01 16 04 09 13 03 01 09 17 14 16 17 05 17 04 17 01 17 16 04 07    016.88 027.06 021.82 021.88 019.65 031.65 016.60 032.04 037.23 027.29 029.16 016.77 032.43 022.82 008.65 017.12 010.26 013.76 020.75 025.69 022.37 026.61 024.95 036.20 036.12 030.75 043.24 042.40 030.70 046.85 037.37 
03 17 10 05 06 03 19 07 16 04 12 05 02 04 12 10 04 11 16 15 01 08 15 11 14 15 10 07 14 04 01 04    015.02 023.74 021.49 020.68 012.88 025.70 016.15 025.93 031.13 022.88 027.62 016.68 028.25 019.26 014.35 020.58 013.43 013.53 022.85 026.78 027.11 031.61 025.35 038.55 038.94 031.01 041.18 038.53 031.50 043.55 040.45 
02 06 04 08 07 19 01 02 19 11 15 12 14 17 05 09 06 01 13 17 10 02 16 07 19 14 03 17 07 04 15 18    011.00 017.07 025.23 019.97 012.38 022.30 015.20 025.53 026.96 017.30 028.24 017.49 026.97 023.26 016.65 027.40 020.51 012.09 021.56 026.71 029.72 035.86 031.68 039.73 040.67 031.98 043.80 038.04 032.87 044.17 043.43 
19 17 03 04 16 09 14 11 06 19 01 06 05 16 02 15 03 19 17 17 01 12 04 07 17 11 07 10 12 10 17 03    016.49 019.12 028.81 019.32 012.52 028.27 018.57 025.45 025.09 014.71 025.90 016.36 024.92 023.88 013.96 024.97 021.27 013.13 024.82 027.08 033.29 038.97 033.31 038.25 038.02 034.84 043.85 035.51 032.56 040.32 039.77 
05 15 07 10 18 04 04 16 06 03 10 13 19 19 09 17 13 17 07 01 16 19 10 11 11 10 02 05 16 04 05 17    021.51 019.22 028.14 024.33 019.37 031.00 020.93 031.37 029.61 020.33 027.62 022.06 024.03 022.77 013.18 021.36 016.77 008.97 019.32 027.99 033.18 035.06 027.68 031.24 035.34 037.54 043.68 037.99 033.75 041.67 039.86 
03 11 16 16 01 11 06 03 16 11 12 14 17 01 05 01 03 11 04 16 07 07 17 11 15 07 07 15 04 10 16 15    024.12 014.83 024.57 027.40 024.85 029.00 024.78 035.88 031.46 022.92 034.14 028.86 025.04 025.37 015.32 026.72 020.21 004.04 019.99 030.88 038.51 037.46 024.52 028.91 034.06 043.28 045.62 040.94 040.40 041.65 040.62 
07 12 11 01 02 10 17 04 07 01 05 19 19 04 19 15 02 17 07 04 17 04 07 04 01 06 19 18 10 11 07 12    024.98 017.14 019.96 028.23 029.30 028.37 027.28 036.82 032.19 028.85 033.66 030.92 021.99 029.72 012.93 029.53 020.94 007.77 019.40 029.31 037.79 037.25 024.75 023.67 031.87 042.88 044.27 040.71 041.34 041.92 040.49 
04 12 17 05 03 04 15 07 07 03 18 07 07 08 02 03 19 15 03 05 17 04 11 07 07 05 07 03 15 17 08 01    030.06 023.40 022.84 029.82 033.62 032.14 029.06 040.59 030.79 031.50 031.93 035.01 021.59 031.45 007.05 026.42 017.81 013.41 015.76 024.27 031.65 031.07 022.79 016.72 032.32 043.73 041.08 040.94 044.62 043.51 041.00 
17 16 07 11 19 17 14 17 17 11 11 18 08 15 03 16 16 02 14 10 09 05 16 04 08 07 17 03 11 07 04 10    030.70 024.59 022.21 030.28 034.68 031.26 031.35 045.09 031.94 036.44 035.32 038.06 022.54 033.71 010.65 028.99 022.59 015.60 015.76 027.94 030.52 033.39 025.65 017.99 034.87 047.04 041.89 044.72 047.82 045.62 042.93 
15 19 13 14 12 01 01 11 03 04 03 09 18 07 04 04 04 07 16 12 09 01 17 15 05 14 17 17 12 04 05 07    035.51 023.82 022.54 029.44 039.15 031.90 034.89 045.06 030.10 040.32 040.87 036.70 024.82 036.41 012.79 034.33 025.59 012.20 022.56 028.83 030.04 035.13 031.32 020.25 038.47 053.65 041.91 051.06 048.46 047.78 042.53 
04 07 07 03 02 06 15 11 19 09 13 12 19 13 17 19 07 05 04 12 02 11 01 10 01 17 15 08 17 09 16 14    035.48 027.82 025.67 028.33 040.60 036.50 040.17 048.30 032.79 044.00 040.98 042.32 025.61 036.19 017.49 035.56 026.92 013.79 024.31 031.67 029.42 037.99 032.85 023.77 041.80 055.38 044.71 053.61 049.74 050.94 045.95 
04 07 05 15 17 01 08 07 15 09 07 04 11 15 03 10 07 14 02 11 18 05 11 15 05 13 07 05 15 10 11 13    036.37 029.57 026.77 031.29 040.90 039.62 047.08 050.98 037.82 050.00 042.42 047.51 027.00 034.79 019.24 033.10 024.63 020.38 023.98 027.87 024.49 035.92 034.35 024.71 045.73 055.95 048.47 057.35 052.99 054.42 049.36 
14 03 17 17 04 06 17 07 15 04 10 19 07 11 17 04 15 01 01 01 10 01 14 05 18 17 09 12 15 20 17 19    038.53 032.70 028.26 030.51 039.11 034.39 050.28 050.01 040.23 052.44 038.29 044.98 025.31 031.00 018.57 031.17 022.20 020.95 022.85 023.12 019.26 035.67 032.54 024.84 047.69 053.26 047.48 054.66 051.39 055.69 048.87 
17 18 01 19 14 04 03 16 16 15 03 13 17 11 13 03 17 10 13 14 04 10 01 01 09 12 05 05 07 05 07 04    038.59 030.45 024.98 029.76 038.06 030.42 048.23 047.07 038.64 051.77 033.29 040.35 022.65 024.82 018.75 028.66 015.97 020.31 022.50 022.26 014.77 034.55 034.75 025.29 048.43 047.95 046.68 051.80 051.71 055.67 049.91 
07 09 10 07 16 10 14 17 08 17 07 03 04 03 16 13 02 16 13 11 04 04 07 15 16 01 11 12 01 02 04 09    042.39 033.44 025.21 036.71 037.46 028.59 050.85 052.10 042.20 052.08 032.11 043.54 024.12 022.74 019.83 025.17 017.28 021.38 020.98 017.31 010.37 029.53 034.10 026.08 050.32 047.38 047.92 045.91 051.89 056.58 049.24 
03 07 18 07 19 12 17 04 03 10 10 15 08 19 07 05 14 16 17 02 03 02 17 03 05 07 19 05 17 19 05 05    039.41 030.16 024.49 035.18 034.38 028.88 047.85 052.73 038.18 045.78 030.27 042.45 022.95 018.90 016.61 020.53 017.38 020.24 021.84 012.05 007.24 027.85 033.43 028.27 048.80 044.80 046.08 043.32 050.19 050.65 044.96 
11 10 10 15 07 05 16 03 07 03 02 10 10 02 11 17 05 07 15 12 05 04 16 07 15 09 07 14 15 05 01 05    034.31 024.52 022.79 030.92 033.62 025.69 041.62 048.41 033.53 042.29 024.70 036.45 024.69 017.85 015.54 014.53 011.98 017.53 023.01 015.81 013.10 025.11 030.97 030.93 042.68 044.16 047.09 038.49 050.33 045.58 045.59 
16 10 15 17 15 10 01 17 10 15 11 11 03 19 03 19 08 17 19 15 16 11 17 15 15 17 15 15 04 05 08 16    034.87 026.99 025.53 033.53 037.20 024.90 042.03 054.02 037.61 045.28 028.37 036.68 029.39 016.27 018.63 012.78 009.53 017.50 021.27 014.86 012.30 019.20 027.90 030.63 039.71 046.50 048.95 034.84 054.35 044.65 050.49 
03 04 09 15 19 10 08 04 16 16 03 15 05 15 15 10 09 08 04 04 10 15 03 05 15 10 17 05 17 04 11 09    035.98 029.56 030.58 034.45 039.61 028.11 044.84 052.90 040.75 044.49 028.74 040.38 029.96 013.39 018.33 010.72 012.35 019.69 019.78 012.55 014.53 014.60 022.32 031.62 035.99 045.81 046.82 033.44 055.63 045.24 050.61 
14 12 14 16 17 03 04 07 02 11 01 16 04 09 13 03 01 09 17 14 16 17 05 17 04 17 01 17 16 04 07 16    034.18 024.66 030.01 028.99 037.85 024.67 042.23 046.54 036.36 037.29 025.54 037.55 027.74 011.62 014.76 010.26 014.40 018.81 021.02 014.13 018.08 016.42 026.15 030.91 031.38 043.11 044.57 029.56 053.35 040.94 047.61 
17 10 05 06 03 19 07 16 04 12 05 02 04 12 10 04 11 16 15 01 08 15 11 14 15 10 07 14 04 01 04 14    031.56 021.69 031.13 025.09 031.91 026.23 038.94 043.05 035.41 036.35 026.27 032.51 025.11 013.53 016.03 013.43 011.84 015.88 017.85 016.66 020.78 012.35 026.10 031.39 028.49 040.29 041.23 030.07 051.68 044.35 050.77 
06 04 08 07 19 01 02 19 11 15 12 14 17 05 09 06 01 13 17 10 02 16 07 19 14 03 17 07 04 15 18 17    031.80 026.22 036.80 030.58 032.20 030.73 044.36 044.18 034.87 040.11 029.42 030.51 026.11 011.45 018.91 020.51 017.44 014.10 011.88 013.54 019.33 013.10 020.41 029.17 024.49 040.43 038.70 030.43 053.82 046.74 051.64 
17 03 04 16 09 14 11 06 19 01 06 05 16 02 15 03 19 17 17 01 12 04 07 17 11 07 10 12 10 17 03 18    034.09 028.11 036.73 030.56 034.56 032.94 042.82 042.34 034.62 037.57 030.66 026.69 026.46 011.72 017.41 021.27 020.21 014.78 013.26 015.34 020.68 015.65 019.34 024.58 022.91 037.48 032.91 029.03 048.75 040.84 045.54 
15 07 10 18 04 04 16 06 03 10 13 19 19 09 17 13 17 07 01 16 19 10 11 11 10 02 05 16 04 05 17 16    032.69 023.15 036.01 030.93 030.89 029.71 040.38 041.51 034.63 030.60 029.08 019.66 023.18 014.06 014.51 016.77 020.74 012.61 013.90 017.70 022.63 016.44 019.63 022.50 023.23 034.60 030.51 028.70 046.99 039.10 040.90 
11 16 16 01 11 06 03 16 11 12 14 17 01 05 01 03 11 04 16 07 07 17 11 15 07 07 15 04 10 16 15 16    030.43 018.60 038.60 032.96 025.60 033.38 040.80 042.72 035.18 032.08 032.60 019.87 021.61 016.24 017.10 020.21 023.58 012.56 013.12 019.84 025.77 014.30 020.99 017.38 024.44 030.57 028.71 032.05 047.58 037.77 039.62 
12 11 01 02 10 17 04 07 01 05 19 19 04 19 15 02 17 07 04 17 04 07 04 01 06 19 18 10 11 07 12 03    035.22 019.14 043.48 039.52 027.71 037.69 043.39 044.08 040.30 035.29 031.69 020.02 023.50 015.55 019.29 020.94 027.58 014.53 011.24 016.93 022.87 017.17 019.78 016.87 024.69 028.68 026.10 034.15 043.99 035.32 038.81 
12 17 05 03 04 15 07 07 03 18 07 07 08 02 03 19 15 03 05 17 04 11 07 07 05 07 03 15 17 08 01 05    036.44 021.16 041.90 038.06 030.11 036.88 044.92 038.12 036.51 030.94 031.42 019.76 023.53 017.65 016.67 017.81 027.86 014.19 007.87 014.63 019.67 017.99 018.28 018.57 027.63 026.49 024.90 035.30 041.05 034.30 034.73 
16 07 11 19 17 14 17 17 11 11 18 08 15 03 16 16 02 14 10 09 05 16 04 08 07 17 03 11 07 04 10 15    036.14 022.93 041.14 033.38 028.86 037.29 045.17 033.98 034.84 027.45 029.06 018.19 020.55 022.56 011.80 022.59 030.06 015.59 011.08 013.23 020.67 023.44 020.85 016.52 027.86 022.58 022.70 032.23 036.75 030.55 030.36 
19 13 14 12 01 01 11 03 04 03 09 18 07 04 04 04 07 16 12 09 01 17 15 05 14 17 17 12 04 05 07 05    033.06 019.25 040.21 031.52 022.52 037.36 041.11 031.55 032.73 027.08 022.09 015.99 016.23 023.69 011.82 025.59 028.35 018.26 016.92 014.98 021.91 026.73 020.15 015.27 029.91 018.75 025.80 028.91 035.54 028.91 029.79 
07 07 03 02 06 15 11 19 09 13 12 19 13 17 19 07 05 04 12 02 11 01 10 01 17 15 08 17 09 16 14 14    029.60 013.94 036.53 029.37 019.23 038.72 037.89 028.50 029.53 023.60 021.73 017.13 013.55 024.90 011.30 026.92 022.36 016.43 022.72 018.35 023.67 028.16 020.68 016.08 029.42 018.90 028.15 027.78 034.78 031.68 031.31 
07 05 15 17 01 08 07 15 09 07 04 11 15 03 10 07 14 02 11 18 05 11 15 05 13 07 05 15 10 11 13 01    023.83 010.11 036.34 027.43 022.00 040.47 039.19 031.34 033.72 022.03 027.07 017.44 012.97 021.91 012.04 024.63 019.76 011.23 023.78 016.51 024.44 029.64 017.14 022.47 032.49 024.33 034.64 032.67 037.33 034.94 036.30 
03 17 17 04 06 17 07 15 04 10 19 07 11 17 04 15 01 01 01 10 01 14 05 18 17 09 12 15 20 17 19 07    020.44 010.37 030.54 024.05 018.56 040.43 035.68 029.44 034.34 017.26 024.33 018.42 012.12 023.14 013.34 022.20 018.32 010.88 025.93 021.43 031.18 032.57 022.44 026.37 034.58 026.94 038.82 031.88 038.63 034.65 040.05 
18 01 19 14 04 03 16 16 15 03 13 17 11 13 03 17 10 13 14 04 10 01 01 09 12 05 05 07 05 07 04 17    018.38 010.08 027.12 026.32 017.51 039.88 036.09 029.33 037.51 017.48 025.27 019.85 012.26 021.97 015.66 015.97 015.90 014.50 027.70 019.80 034.79 036.68 023.11 033.65 035.39 032.68 041.76 038.05 043.19 040.12 043.88 
09 10 07 16 10 14 17 08 17 07 03 04 03 16 13 02 16 13 11 04 04 07 15 16 01 11 12 01 02 04 09 17    019.13 010.06 026.44 021.68 016.20 036.33 037.19 031.06 035.76 016.91 029.38 022.12 014.18 026.16 016.14 017.28 011.16 019.55 027.88 023.68 037.41 041.85 029.52 038.41 039.57 036.87 042.36 038.44 045.53 038.31 047.35 
07 18 07 19 12 17 04 03 10 10 15 08 19 07 05 14 16 17 02 03 02 17 03 05 07 19 05 17 19 05 05 10    013.42 009.87 024.09 017.19 016.00 035.89 041.05 033.36 033.49 017.93 031.38 025.86 018.14 027.38 015.68 017.38 009.90 019.82 028.10 023.92 036.51 043.38 030.75 040.22 040.86 039.10 042.84 043.54 045.17 039.06 048.74 
10 10 15 07 05 16 03 07 03 02 10 10 02 11 17 05 07 15 12 05 04 16 07 15 09 07 14 15 05 01 05 09    013.61 013.96 022.82 022.45 018.45 034.25 042.07 031.99 036.92 019.85 031.79 029.08 022.55 024.91 016.69 011.98 008.13 023.62 027.45 024.94 032.40 039.82 035.28 040.06 045.98 046.22 041.60 048.84 045.69 043.22 054.32 
10 15 17 15 10 01 17 10 15 11 11 03 19 03 19 08 17 19 15 16 11 17 15 15 17 15 15 04 05 08 16 19    019.61 017.21 024.50 028.61 018.84 033.47 046.76 032.82 038.96 022.77 032.77 028.56 017.47 024.16 010.94 009.53 011.27 024.09 022.93 020.14 026.94 036.49 035.13 037.61 047.51 047.57 037.69 050.97 042.44 046.10 051.78 
04 09 15 19 10 08 04 16 16 03 15 05 15 15 10 09 08 04 04 10 15 03 05 15 10 17 05 17 04 11 09 12    018.11 023.17 026.22 030.25 021.62 037.55 048.15 039.22 039.20 025.22 037.74 034.20 017.14 027.98 012.29 012.35 008.79 023.23 024.15 023.54 020.99 032.80 035.76 035.73 048.39 048.52 038.16 056.53 047.06 050.99 055.26 
12 14 16 17 03 04 07 02 11 01 16 04 09 13 03 01 09 17 14 16 17 05 17 04 17 01 17 16 04 07 16 19    014.73 025.30 021.98 030.72 023.41 038.82 046.81 038.85 037.25 028.29 039.03 036.25 021.37 028.13 013.76 014.40 008.81 028.88 027.55 026.76 022.00 036.54 039.09 036.58 050.53 052.36 039.08 059.98 049.53 053.71 055.93 
10 05 06 03 19 07 16 04 12 05 02 04 12 10 04 11 16 15 01 08 15 11 14 15 10 07 14 04 01 04 14 10    020.64 030.06 021.52 029.92 027.89 036.85 043.66 035.43 039.42 030.12 037.83 031.58 020.31 026.43 013.53 011.84 011.87 029.24 028.25 025.41 019.25 034.24 042.46 038.01 049.63 049.79 040.46 056.68 052.60 054.77 054.99 
04 08 07 19 01 02 19 11 15 12 14 17 05 09 06 01 13 17 10 02 16 07 19 14 03 17 07 04 15 18 17 12    023.31 028.66 021.72 027.41 026.71 035.91 038.74 028.93 038.41 028.99 035.09 032.26 018.02 031.30 012.09 017.44 011.73 027.51 030.33 030.69 024.91 034.40 043.85 036.29 050.37 047.19 040.66 055.24 053.67 051.65 052.98 
03 04 16 09 14 11 06 19 01 06 05 16 02 15 03 19 17 17 01 12 04 07 17 11 07 10 12 10 17 03 18 12    024.98 027.46 022.71 032.47 030.51 035.96 037.70 026.39 035.98 029.48 032.98 034.81 014.66 031.18 013.13 020.21 016.10 029.84 035.16 034.11 026.17 032.48 042.24 039.02 050.52 045.28 041.60 052.35 051.02 047.59 049.75 
07 10 18 04 04 16 06 03 10 13 19 19 09 17 13 17 07 01 16 19 10 11 11 10 02 05 16 04 05 17 16 04    026.31 026.09 022.83 031.63 027.60 035.03 035.53 024.88 032.95 030.00 030.16 031.51 017.65 029.04 008.97 020.74 017.29 033.54 038.30 036.77 026.08 031.68 041.41 042.43 049.30 045.89 041.77 049.99 048.83 043.23 046.94 
16 16 01 11 06 03 16 11 12 14 17 01 05 01 03 11 04 16 07 07 17 11 15 07 07 15 04 10 16 15 16 07    025.71 026.82 025.77 030.47 026.20 037.00 032.52 023.59 036.45 031.57 028.37 029.12 018.18 030.73 004.04 023.58 021.54 034.72 042.30 040.11 026.37 030.66 037.93 046.95 049.06 044.91 044.08 043.96 044.14 038.87 044.06 
11 01 02 10 17 04 07 01 05 19 19 04 19 15 02 17 07 04 17 04 07 04 01 06 19 18 10 11 07 12 03 04    025.50 023.14 025.73 030.91 023.10 034.47 026.08 023.61 033.40 029.41 023.53 030.94 018.66 032.36 007.77 027.58 026.91 034.54 044.02 043.37 032.29 030.31 036.10 047.97 048.69 044.05 042.04 039.18 040.27 034.78 045.78 
17 05 03 04 15 07 07 03 18 07 07 08 02 03 19 15 03 05 17 04 11 07 07 05 07 03 15 17 08 01 05 17    028.28 017.17 024.70 031.99 017.82 031.26 020.95 022.00 027.98 031.50 020.40 031.97 018.59 031.13 013.41 027.86 027.02 034.20 041.95 043.63 035.96 030.03 036.75 050.70 046.84 046.47 043.83 041.26 040.14 035.33 047.85 
07 11 19 17 14 17 17 11 11 18 08 15 03 16 16 02 14 10 09 05 16 04 08 07 17 03 11 07 04 10 15 10    028.45 014.68 024.23 029.75 017.14 032.45 022.41 025.39 030.03 031.44 018.89 031.13 020.71 032.14 015.60 030.06 025.69 038.23 041.25 046.24 040.28 033.21 036.03 052.10 047.30 049.13 044.06 041.81 039.48 037.40 050.17 
13 14 12 01 01 11 03 04 03 09 18 07 04 04 04 07 16 12 09 01 17 15 05 14 17 17 12 04 05 07 05 17    024.81 017.70 030.33 028.68 024.34 034.51 024.78 032.48 034.85 032.04 022.34 034.26 022.52 036.03 012.20 028.35 026.89 037.04 037.20 043.74 040.92 030.13 037.24 055.31 044.01 053.42 044.18 045.24 040.19 043.88 053.65 
07 03 02 06 15 11 19 09 13 12 19 13 17 19 07 05 04 12 02 11 01 10 01 17 15 08 17 09 16 14 14 18    023.52 017.42 027.50 028.99 027.62 034.63 024.18 031.74 029.96 032.40 017.39 027.57 021.98 030.63 013.79 022.36 026.22 036.30 033.29 041.33 039.86 030.05 034.58 050.80 040.04 050.36 039.36 042.95 038.20 043.65 052.52 
05 15 17 01 08 07 15 09 07 04 11 15 03 10 07 14 02 11 18 05 11 15 05 13 07 05 15 10 11 13 01 08    020.26 018.26 021.40 028.66 029.98 031.69 029.07 034.06 027.27 033.54 020.67 025.15 027.40 029.11 020.38 019.76 025.78 037.90 031.93 042.36 044.88 032.03 035.26 050.46 041.37 053.14 038.50 044.29 039.07 043.42 053.79 
17 17 04 06 17 07 15 04 10 19 07 11 17 04 15 01 01 01 10 01 14 05 18 17 09 12 15 20 17 19 07 07    023.43 015.83 019.94 026.83 033.96 032.10 033.73 038.26 026.18 033.84 023.68 025.86 031.12 031.34 020.95 018.32 025.02 037.49 033.32 046.79 046.45 036.16 041.11 052.09 043.20 056.66 040.50 050.09 041.07 050.40 061.21 
01 19 14 04 03 16 16 15 03 13 17 11 13 03 17 10 13 14 04 10 01 01 09 12 05 05 07 05 07 04 17 07    020.47 015.72 019.47 025.78 033.77 033.13 035.65 040.76 026.00 034.07 027.95 024.28 033.82 030.16 020.31 015.90 027.46 039.46 031.92 048.93 050.60 037.36 044.71 049.35 045.25 056.62 044.70 053.17 045.54 052.45 064.89 
10 07 16 10 14 17 08 17 07 03 04 03 16 13 02 16 13 11 04 04 07 15 16 01 11 12 01 02 04 09 17 15    015.35 022.15 017.41 020.17 036.28 038.74 038.77 040.08 023.93 037.30 031.55 025.18 035.57 027.08 021.38 011.16 026.85 035.91 030.58 044.26 049.87 037.21 046.90 049.08 045.00 051.57 045.92 054.84 045.35 055.49 064.45 
18 07 19 12 17 04 03 10 10 15 08 19 07 05 14 16 17 02 03 02 17 03 05 07 19 05 17 19 05 05 10 04    018.73 022.70 019.51 024.09 037.31 045.04 040.01 040.33 026.91 040.14 033.07 026.55 033.82 025.42 020.24 009.90 027.84 032.24 027.45 041.03 049.60 037.66 049.52 050.64 048.65 052.00 051.84 054.67 045.65 057.87 063.89 
10 15 07 05 16 03 07 03 02 10 10 02 11 17 05 07 15 12 05 04 16 07 15 09 07 14 15 05 01 05 09 06    018.80 025.49 023.14 022.72 037.55 046.84 039.11 042.71 026.50 037.61 037.15 030.61 032.12 024.49 017.53 008.13 027.99 032.89 029.30 035.44 044.57 039.44 045.76 052.71 052.31 047.53 055.98 053.02 049.98 061.57 063.75 
13 05 07 11 14 08 08 03 07 05 01 02 01 02 05 01 07 12 03 04 16 10 19 01 01 12 16 07 17 04 03 15    049.23 042.59 035.41 034.31 044.28 040.28 030.97 020.50 017.65 015.82 027.44 025.91 017.12 024.89 018.76 023.14 025.95 022.64 031.38 021.72 027.04 029.00 032.26 023.04 039.49 041.08 035.15 038.67 025.28 026.58 028.75 
12 05 17 17 05 12 17 20 04 19 12 10 13 17 08 09 05 14 13 02 02 13 08 01 01 17 04 01 15 07 08 13    046.91 044.94 033.84 036.27 045.28 038.45 029.39 017.98 014.15 014.21 029.32 028.69 018.18 019.47 023.17 026.61 025.10 023.20 029.51 017.12 027.23 031.93 033.40 019.12 035.86 041.83 031.73 038.64 021.14 029.89 030.84 
12 03 11 14 15 16 04 20 07 07 02 01 07 08 03 01 08 06 07 08 10 07 03 03 03 03 04 17 03 11 16 17    046.19 051.51 034.40 041.88 049.94 038.02 029.42 020.61 013.88 013.75 032.76 025.52 014.16 016.83 020.86 024.61 024.39 024.84 035.39 022.29 029.99 034.22 039.87 021.94 036.56 042.63 037.48 040.39 018.72 026.77 033.66 
05 04 20 02 18 07 16 01 01 16 04 03 06 07 10 12 17 01 01 12 15 08 11 05 02 18 17 16 01 01 14 07    042.06 051.99 030.30 040.18 047.85 039.12 031.33 019.78 016.08 013.26 029.45 022.71 015.17 016.12 015.57 023.72 018.56 025.51 037.00 021.34 027.50 035.94 041.10 022.38 037.59 038.79 037.85 038.25 015.89 025.02 034.02 
05 07 11 11 03 14 05 02 13 04 07 13 05 19 17 15 05 07 11 19 08 03 08 10 07 09 09 08 03 09 13 04    035.77 047.10 030.47 039.29 047.84 035.02 031.38 014.99 012.36 016.31 027.02 020.95 019.02 016.50 017.53 019.42 012.86 020.38 032.67 022.80 026.80 038.48 038.36 022.09 038.45 036.25 036.53 031.17 012.34 025.56 035.52 
17 12 12 12 08 03 13 05 15 14 01 06 10 08 07 01 02 05 14 01 11 14 11 11 19 10 08 12 09 19 05 20    035.19 047.73 032.60 045.56 049.92 032.57 031.38 016.02 013.81 021.07 024.62 021.85 016.56 015.55 022.42 016.74 009.98 022.59 035.17 027.60 028.26 039.39 040.62 026.38 040.00 038.86 035.03 030.01 007.46 024.81 039.38 
05 10 07 17 01 01 09 25 04 01 12 10 10 08 05 01 15 04 03 12 14 11 05 14 09 10 10 13 07 19 11 01    033.62 046.72 034.55 049.04 049.21 037.72 032.64 018.35 018.40 024.60 021.63 016.79 014.35 012.58 018.30 014.72 013.28 024.93 041.36 031.52 033.27 039.89 043.46 031.84 041.07 038.99 035.72 028.93 005.73 023.88 043.45 
20 05 16 14 11 10 12 06 01 03 10 01 08 16 15 10 11 14 17 01 06 09 10 15 02 15 18 07 17 17 15 01    029.84 045.30 034.76 047.10 047.84 037.71 035.56 014.05 018.28 022.58 016.07 016.53 017.44 011.99 019.74 008.06 010.65 025.97 040.33 032.55 031.57 040.25 040.73 032.86 042.71 035.32 036.32 023.16 008.54 021.00 039.45 
14 02 16 13 04 09 19 07 10 15 10 11 08 02 01 11 17 05 16 18 02 17 05 17 19 08 03 08 15 20 17 11    029.15 042.11 036.95 047.89 049.55 033.49 035.95 015.65 017.45 021.64 016.04 018.66 019.40 014.33 021.82 010.34 013.93 026.18 038.33 033.85 028.84 038.18 039.89 033.07 044.43 034.92 034.74 018.63 013.08 024.19 037.23 
16 01 07 10 16 17 01 14 04 06 05 12 04 12 15 18 15 02 14 07 01 03 09 15 19 10 08 11 16 03 05 01    031.13 042.40 039.00 051.72 051.94 035.46 036.99 015.64 023.21 024.99 017.76 021.20 015.31 013.47 021.33 013.81 019.65 028.17 044.08 038.88 030.88 041.22 041.17 040.58 046.64 038.25 035.47 017.82 014.32 026.15 042.48 
20 08 18 02 05 17 02 15 08 14 20 04 11 10 08 07 11 07 07 05 01 01 03 18 12 01 11 07 11 18 02 01    027.47 040.26 040.98 053.95 050.44 035.09 039.40 015.46 019.24 026.27 014.02 020.27 010.90 013.63 016.75 016.39 023.58 028.28 046.18 042.53 031.83 041.91 039.56 043.86 047.88 036.52 033.25 017.21 016.02 026.83 043.50 
01 01 03 02 01 07 01 05 10 10 03 07 16 05 10 13 01 09 16 08 06 08 10 07 01 17 02 19 19 05 08 11    023.26 034.60 042.33 055.97 049.71 032.12 040.81 016.40 015.04 024.19 018.60 021.02 009.52 014.94 016.40 018.54 025.35 023.82 045.04 043.31 035.96 041.60 040.07 042.97 049.29 032.64 026.36 012.79 022.40 029.06 039.64 
15 01 19 09 08 15 05 01 03 05 14 15 03 08 02 07 13 04 09 15 07 11 19 08 05 02 06 10 12 01 05 01    025.97 036.93 044.52 057.44 053.01 033.01 043.17 016.89 021.17 023.69 025.15 021.42 008.22 016.99 018.10 020.98 028.75 025.85 041.12 045.02 039.44 044.91 044.65 047.98 051.93 034.50 026.64 013.32 025.65 033.50 042.01 
07 09 10 02 02 15 10 07 04 01 02 04 12 07 09 05 11 04 16 11 08 15 13 06 08 13 11 09 08 14 07 03    031.09 037.36 048.46 057.57 054.66 033.61 046.29 017.01 020.84 026.16 027.53 017.76 007.94 017.36 016.45 019.26 031.41 029.66 041.57 044.77 044.51 049.64 045.89 053.11 053.76 036.58 026.51 017.27 027.00 038.99 045.93 
20 07 04 07 11 02 07 11 17 04 12 10 01 16 01 17 17 05 05 14 05 01 17 08 14 07 20 18 12 10 06 08    031.81 032.42 051.13 060.90 052.69 035.88 045.69 016.62 014.09 025.74 027.18 017.81 010.07 018.32 013.41 022.37 029.26 034.80 041.85 046.39 044.19 046.90 042.36 052.33 055.62 033.13 025.47 016.29 032.19 038.02 046.43 
12 12 03 07 15 07 17 06 03 06 10 01 19 17 01 09 07 09 12 01 02 05 12 07 12 16 14 14 19 03 16 14    033.35 027.30 051.19 059.89 053.25 037.16 041.25 017.50 013.71 022.49 028.44 021.76 005.68 022.11 014.10 026.85 025.61 032.45 037.11 048.97 044.14 047.43 037.44 054.35 050.30 028.43 022.19 012.24 036.37 036.44 046.56 
10 17 17 12 01 17 04 09 11 05 08 11 05 14 02 19 04 07 03 06 01 02 17 05 18 14 03 20 03 12 15 07    033.24 022.45 048.26 058.36 053.83 035.26 036.09 016.99 010.80 017.33 025.47 019.03 010.79 022.54 013.98 025.04 025.68 031.76 035.98 045.97 045.41 043.27 030.67 051.90 048.77 023.85 023.15 015.78 036.51 032.71 040.15 
04 04 09 11 10 07 04 15 05 10 17 11 01 08 13 16 11 01 14 17 01 12 01 19 03 13 19 02 17 11 20 16    035.35 024.95 048.05 053.55 048.40 030.25 033.96 011.55 013.81 021.95 023.63 017.80 014.03 029.21 016.91 026.22 025.34 031.78 030.74 040.71 045.56 043.80 025.62 049.86 042.78 022.53 021.81 013.62 038.55 034.81 039.11 
11 09 10 08 12 04 05 05 19 04 01 04 15 15 16 09 07 20 01 07 16 01 15 17 11 06 16 03 14 17 02 01    037.79 026.39 048.47 056.32 046.62 027.59 032.17 010.60 017.01 022.56 027.63 022.95 012.53 033.07 016.74 026.42 022.76 029.07 033.06 040.39 044.71 048.23 021.50 046.05 041.82 022.97 021.46 016.64 045.85 038.71 040.81 
05 07 11 14 08 08 03 07 05 01 02 01 02 05 01 07 12 03 04 16 10 19 01 01 12 16 07 17 04 03 15 09    039.70 027.77 046.89 056.14 052.21 031.30 032.21 016.26 018.57 016.65 028.27 025.49 013.01 032.21 015.39 025.95 022.92 030.50 036.84 040.21 047.74 049.37 020.31 044.41 040.67 022.67 024.47 019.53 049.53 040.36 039.02 
05 17 17 05 12 17 20 04 19 12 10 13 17 08 09 05 14 13 02 02 13 08 01 01 17 04 01 15 07 08 13 10    039.25 024.19 045.03 054.67 054.02 032.63 030.23 016.52 019.39 016.57 022.98 023.03 018.47 033.70 016.41 025.10 026.09 034.98 034.60 037.33 050.64 047.68 016.37 038.85 040.16 021.51 023.29 018.90 049.50 036.16 039.52 
03 11 14 15 16 04 20 07 07 02 01 07 08 03 01 08 06 07 08 10 07 03 03 03 03 04 17 03 11 16 17 04    041.96 023.51 044.66 053.97 051.97 031.28 030.69 017.75 019.63 014.63 017.80 021.05 023.27 033.70 011.06 024.39 028.66 039.08 035.45 034.82 049.92 049.92 012.90 037.93 037.69 026.82 024.16 020.55 043.25 033.49 035.80 
04 20 02 18 07 16 01 01 16 04 03 06 07 10 12 17 01 01 12 15 08 11 05 02 18 17 16 01 01 14 07 17    046.88 025.88 043.08 051.04 047.83 031.51 026.25 013.77 016.53 014.95 017.70 021.00 021.20 029.08 009.09 018.56 029.11 036.07 033.14 033.83 046.96 047.95 015.88 038.07 034.99 029.47 024.26 015.41 039.42 037.24 037.29 
07 11 11 03 14 05 02 13 04 07 13 05 19 17 15 05 07 11 19 08 03 08 10 07 09 09 08 03 09 13 04 08    044.85 029.17 042.50 050.93 041.13 032.52 020.69 007.69 018.02 018.10 019.72 020.32 018.43 025.02 008.65 012.86 024.98 032.95 032.46 033.01 046.47 043.22 015.98 039.35 032.83 029.62 021.81 014.82 034.99 037.88 038.32 
12 12 12 08 03 13 05 15 14 01 06 10 08 07 01 02 05 14 01 11 14 11 11 19 10 08 12 09 19 05 20 03    042.06 027.23 043.37 049.66 036.18 030.63 017.74 005.74 015.56 016.68 019.34 017.41 021.31 025.28 009.13 009.98 025.05 035.30 031.73 029.86 041.78 039.77 019.65 038.40 034.60 027.45 021.88 013.50 028.35 035.36 035.54 
10 07 17 01 01 09 25 04 01 12 10 10 08 05 01 15 04 03 12 14 11 05 14 09 10 10 13 07 19 11 01 01    035.16 023.31 041.44 043.06 036.63 026.85 013.08 006.79 016.25 017.03 018.94 022.76 024.15 024.32 007.37 013.28 022.95 036.16 032.07 030.32 036.42 035.73 019.37 033.98 029.54 023.25 017.64 016.97 025.89 034.46 035.74 
05 16 14 11 10 12 06 01 03 10 01 08 16 15 10 11 14 17 01 06 09 10 15 02 15 18 07 17 17 15 01 12    035.13 025.26 037.96 039.15 031.68 027.90 007.51 011.22 015.69 016.71 019.84 027.58 021.79 026.92 008.10 010.65 020.51 033.57 029.39 024.79 032.39 030.86 022.62 033.79 026.16 026.74 017.01 017.60 019.31 030.71 036.83 
02 16 13 04 09 19 07 10 15 10 11 08 02 01 11 17 05 16 18 02 17 05 17 19 08 03 08 15 20 17 11 02    028.30 023.17 037.51 040.97 028.03 029.49 012.10 008.83 009.38 016.50 020.79 030.66 027.90 028.91 006.48 013.93 022.86 033.82 031.00 019.99 028.66 027.68 020.86 035.60 027.73 023.61 014.92 023.56 017.24 024.04 036.86 
01 07 10 16 17 01 14 04 06 05 12 04 12 15 18 15 02 14 07 01 03 09 15 19 10 08 11 16 03 05 01 11    024.40 019.94 035.24 036.90 022.32 025.65 011.47 015.55 009.17 017.52 022.97 033.00 031.68 031.76 008.37 019.65 018.87 035.41 029.08 017.45 023.97 022.02 023.33 032.01 027.26 021.78 016.73 026.00 013.87 024.39 035.59 
08 18 02 05 17 02 15 08 14 20 04 11 10 08 07 11 07 07 05 01 01 03 18 12 01 11 07 11 18 02 01 07    022.04 018.65 033.46 031.61 017.54 027.04 012.32 018.96 011.86 019.10 021.14 033.38 032.33 030.45 008.31 023.58 020.30 035.55 030.27 017.50 019.51 017.18 023.32 030.95 024.53 021.39 020.43 026.73 010.47 023.40 035.67 
01 03 02 01 07 01 05 10 10 03 07 16 05 10 13 01 09 16 08 06 08 10 07 01 17 02 19 19 05 08 11 10    018.83 018.73 034.09 030.20 012.89 027.57 015.14 019.79 013.83 021.88 024.68 034.78 034.59 032.80 012.62 025.35 019.46 035.81 031.62 021.58 016.50 016.69 021.22 030.86 022.97 017.10 024.75 030.07 014.22 020.95 034.42 
01 19 09 08 15 05 01 03 05 14 15 03 08 02 07 13 04 09 15 07 11 19 08 05 02 06 10 12 01 05 01 08    016.40 016.40 036.48 033.80 010.42 028.11 020.74 021.18 012.90 026.64 030.10 035.55 040.65 037.00 019.27 028.75 022.72 033.71 034.17 023.95 018.09 016.64 020.18 031.92 024.50 015.32 026.79 033.32 014.40 021.17 036.62 
09 10 02 02 15 10 07 04 01 02 04 12 07 09 05 11 04 16 11 08 15 13 06 08 13 11 09 08 14 07 03 03    019.43 018.50 033.84 030.37 004.64 025.10 020.50 025.47 018.68 027.90 028.12 037.81 041.38 037.32 020.39 031.41 020.67 026.41 029.67 027.46 021.55 015.10 022.22 029.07 020.46 013.55 027.98 031.24 019.23 027.31 036.54 
07 04 07 11 02 07 11 17 04 12 10 01 16 01 17 17 05 05 14 05 01 17 08 14 07 20 18 12 10 06 08 08    019.05 024.86 035.01 027.00 007.27 024.17 016.15 025.33 021.30 027.71 026.46 035.81 035.73 031.83 015.22 029.26 020.31 024.41 024.51 024.07 019.88 016.81 024.52 030.79 018.55 014.95 025.87 028.91 018.19 027.61 034.40 
12 03 07 15 07 17 06 03 06 10 01 19 17 01 09 07 09 12 01 02 05 12 07 12 16 14 14 19 03 16 14 01    016.91 027.79 036.68 031.17 012.45 022.25 014.58 026.62 019.66 025.60 029.96 029.21 037.40 030.82 018.06 025.61 021.63 023.48 028.63 024.91 025.22 014.24 029.79 028.43 017.45 013.56 020.05 031.89 017.64 030.81 039.04 
17 17 12 01 17 04 09 11 05 08 11 05 14 02 19 04 07 03 06 01 02 17 05 18 14 03 20 03 12 15 07 11    016.59 028.72 036.16 031.90 010.41 017.98 020.78 028.41 023.69 028.89 032.99 032.28 040.29 036.48 024.54 025.68 021.90 022.72 025.17 028.31 023.11 008.20 027.62 025.17 013.40 014.57 019.74 038.38 018.29 030.58 039.45 
04 09 11 10 07 04 15 05 10 17 11 01 08 13 16 11 01 14 17 01 12 01 19 03 13 19 02 17 11 20 16 05    021.87 028.39 029.76 026.33 007.78 014.29 022.36 027.91 029.46 029.50 031.12 036.15 044.15 036.68 024.97 025.34 023.10 017.11 018.18 027.03 020.97 008.41 025.78 020.15 013.69 019.52 022.38 038.32 017.51 031.18 038.63 
09 10 08 12 04 05 05 19 04 01 04 15 15 16 09 07 20 01 07 16 01 15 17 11 06 16 03 14 17 02 01 18    026.01 032.26 034.23 025.58 008.82 010.49 017.28 025.89 029.76 031.73 030.91 030.99 040.61 031.20 023.25 022.76 020.42 014.56 017.79 024.77 027.27 009.44 025.66 022.59 016.43 021.59 020.48 040.59 023.04 032.59 038.90 
07 11 14 08 08 03 07 05 01 02 01 02 05 01 07 12 03 04 16 10 19 01 01 12 16 07 17 04 03 15 09 05    027.05 032.28 035.12 030.58 010.36 011.84 014.56 025.30 028.60 035.64 035.32 026.35 039.63 032.80 022.64 022.92 015.35 018.35 019.09 028.37 029.97 010.85 023.59 020.28 014.69 018.33 022.82 046.96 025.27 035.96 039.58 
17 17 05 12 17 20 04 19 12 10 13 17 08 09 05 14 13 02 02 13 08 01 01 17 04 01 15 07 08 13 10 06    028.43 029.82 031.46 029.58 008.73 010.81 015.00 028.31 035.08 037.73 037.09 029.74 044.46 038.77 023.20 026.09 015.47 015.92 014.91 030.23 026.07 014.44 016.99 019.26 013.69 022.31 024.18 047.22 023.93 040.97 041.53 
11 14 15 16 04 20 07 07 02 01 07 08 03 01 08 06 07 08 10 07 03 03 03 03 04 17 03 11 16 17 04 15    029.59 030.77 031.05 024.72 007.30 013.16 013.86 027.57 038.64 038.09 035.34 029.37 044.10 037.08 024.84 028.66 016.28 014.05 015.67 027.34 026.65 017.01 016.01 019.76 018.54 026.14 025.21 042.54 027.75 043.13 038.57 
20 02 18 07 16 01 01 16 04 03 06 07 10 12 17 01 01 12 15 08 11 05 02 18 17 16 01 01 14 07 17 02    029.06 024.98 025.21 020.37 006.93 010.71 015.42 025.81 038.96 040.38 039.34 032.05 039.68 038.10 025.51 029.11 017.85 013.76 012.87 021.35 021.83 015.56 013.45 016.91 021.12 029.82 026.14 041.25 027.46 044.55 035.69 
11 11 03 14 05 02 13 04 07 13 05 19 17 15 05 07 11 19 08 03 08 10 07 09 09 08 03 09 13 04 08 12    031.88 026.79 029.56 016.33 012.64 008.88 018.21 027.37 040.39 038.67 039.03 031.80 036.24 033.61 020.38 024.98 015.46 013.22 017.56 023.20 023.21 019.32 020.70 022.14 027.68 027.57 023.78 037.02 030.15 045.59 033.47 
12 12 08 03 13 05 15 14 01 06 10 08 07 01 02 05 14 01 11 14 11 11 19 10 08 12 09 19 05 20 03 07    032.06 031.08 029.96 011.37 011.81 013.82 023.18 030.03 040.49 039.50 038.93 034.55 040.85 034.13 022.59 025.05 016.32 013.20 018.10 020.52 023.30 022.25 021.19 023.99 030.10 029.71 026.62 034.78 034.67 045.17 033.33 
07 17 01 01 09 25 04 01 12 10 10 08 05 01 15 04 03 12 14 11 05 14 09 10 10 13 07 19 11 01 01 12    033.57 033.72 030.00 016.83 010.68 017.89 024.75 034.08 039.90 038.05 037.43 029.99 041.15 029.78 024.93 022.95 018.59 020.11 025.08 023.05 028.22 024.97 020.52 020.84 028.02 025.03 023.98 034.30 041.02 047.84 038.55 
16 14 11 10 12 06 01 03 10 01 08 16 15 10 11 14 17 01 06 09 10 15 02 15 18 07 17 17 15 01 12 10    035.83 031.15 027.58 017.72 011.29 017.40 023.92 032.36 036.91 038.79 041.22 030.48 044.90 027.24 025.97 020.51 015.78 022.69 027.53 023.71 025.93 023.56 020.64 017.31 027.85 021.27 027.19 032.87 040.69 052.75 039.65 
16 13 04 09 19 07 10 15 10 11 08 02 01 11 17 05 16 18 02 17 05 17 19 08 03 08 15 20 17 11 02 10    036.01 031.55 027.63 016.12 011.83 017.31 025.93 029.50 038.05 039.98 045.06 037.19 047.04 027.48 026.18 022.86 012.33 022.82 026.05 023.31 025.14 023.35 021.41 015.38 027.26 023.07 032.14 033.21 037.73 054.97 043.70 
07 10 16 17 01 14 04 06 05 12 04 12 15 18 15 02 14 07 01 03 09 15 19 10 08 11 16 03 05 01 11 17    030.19 032.20 029.16 015.61 013.01 019.54 025.24 026.04 035.00 039.62 042.30 038.79 047.04 025.07 028.17 018.87 017.16 026.94 025.27 021.76 023.08 022.34 021.22 011.31 023.68 020.19 035.76 031.48 036.82 052.57 042.03 
18 02 05 17 02 15 08 14 20 04 11 10 08 07 11 07 07 05 01 01 03 18 12 01 11 07 11 18 02 01 07 02    030.93 037.81 029.31 017.67 015.34 017.95 023.53 028.72 033.48 036.64 037.20 036.03 042.65 023.50 028.28 020.30 019.72 033.15 029.91 025.82 023.71 025.47 022.74 008.76 019.90 015.02 035.33 030.71 041.38 055.12 044.86 
03 02 01 07 01 05 10 10 03 07 16 05 10 13 01 09 16 08 06 08 10 07 01 17 02 19 19 05 08 11 10 01    035.64 039.70 029.05 015.31 017.59 011.84 025.62 027.94 032.81 032.49 031.92 033.25 038.01 023.12 023.82 019.46 021.78 030.81 031.62 028.80 028.90 031.61 026.94 012.76 020.09 015.82 032.96 032.65 040.41 050.92 044.72 
19 09 08 15 05 01 03 05 14 15 03 08 02 07 13 04 09 15 07 11 19 08 05 02 06 10 12 01 05 01 08 09    036.49 041.35 031.18 019.34 019.04 014.76 032.45 029.63 039.01 036.52 032.73 038.72 042.06 029.62 025.85 022.72 016.22 030.14 033.25 033.41 031.28 035.56 028.58 012.98 019.84 020.96 037.37 035.89 042.38 054.86 047.11 
10 02 02 15 10 07 04 01 02 04 12 07 09 05 11 04 16 11 08 15 13 06 08 13 11 09 08 14 07 03 03 05    036.99 038.58 029.54 020.32 018.65 017.03 035.06 034.42 040.02 032.24 033.87 039.16 042.78 026.55 029.66 020.67 011.99 023.58 033.90 035.28 030.00 037.61 026.20 012.66 020.68 022.49 034.34 038.73 045.06 052.33 049.14 
04 07 11 02 07 11 17 04 12 10 01 16 01 17 17 05 05 14 05 01 17 08 14 07 20 18 12 10 06 08 08 15    040.90 040.08 022.89 024.66 012.41 020.14 037.42 039.27 044.51 033.77 036.47 040.96 042.79 025.97 034.80 020.31 007.52 020.49 030.30 033.11 028.33 036.58 023.29 013.00 020.21 023.52 035.99 037.88 045.29 052.61 050.52 
03 07 15 07 17 06 03 06 10 01 19 17 01 09 07 09 12 01 02 05 12 07 12 16 14 14 19 03 16 14 01 03    043.91 041.50 025.39 029.90 012.87 016.66 041.14 039.26 043.46 036.93 032.41 043.09 040.95 028.44 032.45 021.63 005.11 024.55 029.78 036.09 028.69 043.55 023.48 017.58 021.55 021.15 038.54 036.68 046.50 055.17 051.85 
17 12 01 17 04 09 11 05 08 11 05 14 02 19 04 07 03 06 01 02 17 05 18 14 03 20 03 12 15 07 11 02    048.19 046.11 029.87 028.86 013.40 018.33 040.19 040.26 046.16 039.59 030.99 045.52 043.75 032.07 031.76 021.90 010.12 027.55 036.39 035.49 027.23 043.51 025.73 016.89 022.27 016.46 044.65 036.44 047.85 055.44 050.16 
09 11 10 07 04 15 05 10 17 11 01 08 13 16 11 01 14 17 01 12 01 19 03 13 19 02 17 11 20 16 05 14    049.72 044.02 027.65 028.43 018.23 025.10 042.05 047.38 047.66 039.99 034.38 052.38 047.33 034.39 031.78 023.10 013.44 027.87 037.76 037.95 029.04 041.95 024.47 020.64 022.43 019.55 050.59 038.95 051.63 057.39 051.99 
10 08 12 04 05 05 19 04 01 04 15 15 16 09 07 20 01 07 16 01 15 17 11 06 16 03 14 17 02 01 18 04    051.13 046.30 026.37 023.84 020.32 023.56 040.51 045.68 049.20 041.09 031.12 051.34 042.96 035.61 029.07 020.42 018.71 028.68 036.20 042.41 026.36 038.30 026.29 018.13 021.72 017.00 055.39 042.80 052.01 057.19 053.20 
11 14 08 08 03 07 05 01 02 01 02 05 01 07 12 03 04 16 10 19 01 01 12 16 07 17 04 03 15 09 05 12    045.01 042.04 026.22 019.56 018.73 018.22 037.77 041.49 049.39 042.98 028.34 047.78 041.19 031.38 030.50 015.35 019.86 026.50 034.03 037.75 025.87 031.24 023.55 019.34 021.77 020.10 056.47 038.35 049.47 051.08 053.04 
17 05 12 17 20 04 19 12 10 13 17 08 09 05 14 13 02 02 13 08 01 01 17 04 01 15 07 08 13 10 06 07    042.39 038.33 025.28 020.43 021.21 021.06 039.05 047.46 050.54 044.15 031.57 052.23 046.72 029.51 034.98 015.47 020.14 025.10 034.93 033.45 028.31 027.73 026.23 023.00 027.85 024.02 055.65 038.25 053.23 051.19 052.81 
14 15 16 04 20 07 07 02 01 07 08 03 01 08 06 07 08 10 07 03 03 03 03 04 17 03 11 16 17 04 15 01    044.55 038.64 025.86 020.85 028.15 025.50 041.86 051.51 051.85 044.70 033.45 056.16 047.15 035.39 039.08 016.28 026.31 030.13 035.89 036.23 030.11 027.12 026.54 024.46 030.40 028.79 056.27 043.59 058.56 052.36 053.18 
02 18 07 16 01 01 16 04 03 06 07 10 12 17 01 01 12 15 08 11 05 02 18 17 16 01 01 14 07 17 02 10    039.74 033.95 024.03 015.38 028.19 024.77 039.95 047.63 051.76 047.41 035.65 052.43 043.96 037.00 036.07 017.85 029.32 030.22 033.75 034.41 024.23 022.14 021.78 023.26 027.32 029.31 057.24 044.22 061.01 051.95 051.99 
11 03 14 05 02 13 04 07 13 05 19 17 15 05 07 11 19 08 03 08 10 07 09 09 08 03 09 13 04 08 12 16    034.39 030.25 018.20 013.02 023.56 027.11 040.34 048.69 050.45 049.29 039.23 049.89 040.84 032.67 032.95 015.46 026.54 030.42 030.67 030.46 024.43 020.90 018.80 025.01 025.14 030.97 052.37 040.68 060.44 048.41 046.52 
12 08 03 13 05 15 14 01 06 10 08 07 01 02 05 14 01 11 14 11 11 19 10 08 12 09 19 05 20 03 07 13    036.00 030.74 017.93 015.43 028.98 031.25 041.94 049.85 052.64 049.90 044.17 055.70 043.51 035.17 035.30 016.32 027.19 031.74 028.01 028.27 025.90 022.08 018.43 028.51 029.87 036.98 050.77 043.83 060.71 049.04 047.39 
17 01 01 09 25 04 01 12 10 10 08 05 01 15 04 03 12 14 11 05 14 09 10 10 13 07 19 11 01 01 12 17    036.52 030.97 024.65 015.76 033.39 034.67 046.96 052.44 054.05 051.77 044.92 058.09 042.18 041.36 036.16 018.59 034.52 038.10 031.13 032.12 028.77 020.57 016.54 028.34 027.84 039.93 051.58 049.51 064.35 054.78 047.12 
14 11 10 12 06 01 03 10 01 08 16 15 10 11 14 17 01 06 09 10 15 02 15 18 07 17 17 15 01 12 10 16    032.02 025.66 023.32 010.80 031.72 032.57 043.41 048.85 053.04 054.88 044.75 059.58 039.89 040.33 033.57 015.78 034.25 037.94 028.07 027.39 025.00 016.28 014.02 027.00 026.83 042.30 046.96 047.39 066.24 052.07 042.68 
13 04 09 19 07 10 15 10 11 08 02 01 11 17 05 16 18 02 17 05 17 19 08 03 08 15 20 17 11 02 10 09    031.02 022.92 020.22 010.27 028.94 035.60 039.32 049.60 051.97 056.94 049.07 059.32 038.95 038.33 033.82 012.33 028.62 034.17 025.93 026.09 026.91 016.03 013.92 030.38 031.84 044.21 043.53 044.19 065.43 052.12 039.86 
10 16 17 01 14 04 06 05 12 04 12 15 18 15 02 14 07 01 03 09 15 19 10 08 11 16 03 05 01 11 17 18    032.58 025.60 021.22 014.51 034.77 041.14 042.01 052.08 055.67 057.89 052.91 063.83 042.07 044.08 035.41 017.16 031.39 036.62 026.95 030.88 030.74 017.47 013.09 035.33 035.96 050.24 046.73 048.46 066.81 054.94 045.30 
02 05 17 02 15 08 14 20 04 11 10 08 07 11 07 07 05 01 01 03 18 12 01 11 07 11 18 02 01 07 02 18    033.95 022.06 021.82 009.82 033.78 043.02 045.40 050.98 051.44 055.45 050.54 060.57 040.14 046.18 035.55 019.72 032.08 037.93 029.44 032.24 032.90 013.44 016.06 035.22 034.41 049.28 044.98 052.28 067.41 056.26 043.61 
02 11 08 12 13 10 01 07 16 07 07 11 05 15 15 03 06 14 08 16 12 08 01 04 08 17 12 03 17 08 01 11    031.81 020.86 010.64 016.58 039.52 037.26 049.11 041.37 029.81 021.44 032.90 026.36 023.40 026.13 016.02 032.39 035.46 041.52 035.47 050.92 045.82 039.50 045.80 044.17 044.92 045.82 045.93 056.63 046.33 039.65 040.98 
01 08 12 17 01 06 12 05 01 11 10 15 12 20 05 10 16 19 07 08 20 02 20 17 17 11 11 17 15 03 01 10    033.07 021.81 013.50 017.55 034.72 035.01 047.55 037.63 024.77 020.86 030.62 027.81 018.03 023.34 013.45 028.94 030.76 040.69 031.40 045.32 044.39 034.57 039.06 038.90 038.09 040.56 041.98 051.03 045.48 036.40 040.14 
12 12 10 16 13 20 03 07 16 07 14 07 07 17 19 01 03 17 18 03 12 03 07 10 06 12 08 16 09 11 07 07    037.21 025.94 017.63 018.09 037.57 038.15 050.89 038.77 026.16 020.28 026.86 032.54 012.32 026.84 016.94 030.57 025.51 037.52 032.79 046.63 044.76 037.76 037.17 035.22 039.63 040.54 041.76 048.56 040.04 038.09 035.52 
05 04 05 11 11 03 10 19 14 07 18 18 07 07 14 04 09 14 14 13 15 07 14 05 01 19 01 09 02 09 14 01    036.55 025.97 018.74 021.42 040.50 035.95 048.45 040.10 023.91 021.03 026.52 028.80 010.19 023.15 017.90 033.14 021.26 037.33 034.34 041.40 044.14 035.31 031.86 030.55 036.07 033.85 043.90 045.55 041.30 040.45 032.86 
01 10 16 02 09 06 04 18 07 10 08 17 17 13 16 11 11 03 11 07 09 16 20 17 19 04 14 06 11 10 18 10    036.14 023.65 021.26 027.09 040.36 035.86 046.50 039.23 022.64 019.47 026.40 022.25 015.02 018.37 019.96 030.93 018.56 036.39 033.22 040.85 038.98 031.62 029.47 027.54 031.43 031.34 043.73 046.67 041.33 040.48 035.71 
13 03 07 11 19 11 09 02 05 20 11 15 07 01 04 01 10 11 03 02 19 01 10 15 05 14 03 14 09 11 11 04    033.85 028.79 025.79 028.43 041.35 038.24 047.98 040.99 025.57 021.87 024.61 018.66 016.61 019.01 020.98 027.99 018.20 035.12 028.09 035.54 037.89 031.19 024.30 022.32 028.30 028.21 045.20 047.42 041.37 038.16 037.12 
15 10 06 02 10 10 08 14 11 10 12 14 01 17 06 03 08 01 10 15 17 09 07 16 17 08 01 14 11 10 12 15    035.10 031.96 029.02 032.51 047.16 039.91 049.76 040.96 026.50 024.03 026.02 015.00 016.73 018.23 022.00 027.59 017.20 033.39 028.21 034.67 039.58 035.15 024.32 021.01 024.65 027.17 049.77 049.88 041.75 043.59 039.51 
06 05 11 14 15 08 05 07 11 07 20 12 10 10 02 08 10 06 02 01 10 05 09 04 15 17 03 12 11 12 19 08    037.10 031.39 032.34 031.64 048.26 038.22 045.03 037.72 027.95 025.78 025.97 013.21 017.19 012.89 019.68 030.54 016.18 033.05 028.03 030.13 033.97 035.60 020.08 017.82 023.61 024.48 049.05 048.51 039.72 043.19 043.37 
19 02 03 03 15 01 16 15 10 05 14 03 05 20 13 19 04 14 05 01 17 11 18 02 14 03 08 03 08 05 02 04    040.16 032.03 038.71 034.77 050.34 038.47 046.10 037.14 031.42 032.37 025.71 011.64 016.71 017.46 021.43 029.66 015.34 032.04 025.42 030.70 032.05 037.86 024.79 021.54 025.18 021.46 054.48 054.11 039.82 043.14 046.35 
08 12 03 02 07 09 04 07 07 07 12 05 08 04 12 12 11 05 07 05 14 02 03 04 08 19 11 15 14 12 07 02    038.85 036.78 040.20 033.85 051.84 038.43 047.16 030.81 030.44 034.68 024.61 007.69 016.01 018.41 022.20 025.48 016.14 025.95 021.56 027.06 032.20 038.66 024.97 017.56 025.82 021.47 054.03 052.22 038.06 044.31 042.68 
14 02 14 05 11 11 19 10 17 07 05 10 16 13 12 03 15 01 11 01 07 03 02 19 10 11 14 15 19 07 06 12    043.01 040.37 041.29 037.61 053.52 041.26 050.17 031.58 035.83 041.11 024.72 014.78 016.16 020.91 023.67 028.57 016.65 027.15 024.96 028.49 033.23 039.04 030.53 017.97 026.58 025.99 055.28 055.14 036.99 050.21 045.75 
06 11 01 01 14 07 11 10 03 01 10 11 06 07 16 06 08 08 10 12 15 05 12 17 05 17 02 07 03 12 11 01    047.24 038.27 045.37 037.35 055.28 038.65 047.68 033.22 033.10 043.64 021.48 014.26 017.33 020.94 026.86 031.83 016.04 025.01 027.12 032.82 031.05 040.62 031.98 021.04 029.27 029.98 059.87 057.29 032.71 049.69 042.50 
08 04 04 13 12 07 01 06 15 03 07 12 07 01 11 11 11 05 07 09 08 07 03 07 17 07 01 09 12 20 03 04    042.25 037.55 044.65 035.10 049.11 035.32 045.46 026.52 026.75 038.20 017.93 008.46 015.48 021.10 028.29 027.71 015.72 022.35 023.97 032.62 030.23 035.32 030.43 019.64 029.61 031.81 054.45 054.35 031.60 048.48 042.02 
16 02 09 09 05 08 17 09 06 01 05 05 14 08 15 05 12 07 15 01 09 07 10 02 01 12 08 02 18 17 04 15    042.68 037.35 044.13 034.16 046.46 037.14 048.76 026.25 024.60 039.16 017.37 012.74 018.57 020.21 031.47 028.28 015.22 022.35 022.05 031.00 026.20 032.19 027.49 015.08 029.63 032.32 055.61 054.79 029.49 046.30 043.56 
10 14 08 03 01 12 01 10 17 05 12 01 07 10 12 14 14 15 20 11 10 10 12 04 11 03 19 05 03 17 10 05    038.89 035.53 043.25 033.89 044.74 035.04 045.02 027.68 024.98 041.01 018.86 013.84 016.90 019.28 028.94 029.35 015.36 019.67 022.88 024.89 024.93 031.45 023.12 012.31 029.29 029.15 049.75 056.54 029.29 039.67 043.08 
02 11 10 01 05 03 07 10 14 03 11 07 05 07 17 03 06 05 17 01 02 05 12 03 01 07 03 03 07 03 15 02    040.30 033.23 038.23 030.87 040.36 032.11 041.64 027.41 021.48 039.93 016.96 009.94 019.34 020.05 030.70 032.55 012.96 015.16 026.37 026.90 024.93 028.37 023.37 015.62 030.05 032.58 048.94 053.81 024.85 037.86 042.86 
16 17 08 17 14 11 01 11 04 05 17 10 03 01 07 15 10 01 04 06 01 11 07 01 10 12 14 05 12 06 04 04    039.93 031.16 037.15 029.55 038.03 030.88 043.44 025.37 019.96 038.04 021.44 013.73 024.17 020.63 035.08 035.08 011.57 013.99 026.02 029.52 023.21 023.55 021.58 016.30 028.33 032.75 044.87 051.59 023.63 034.88 042.36 
03 11 02 01 15 02 12 08 07 13 07 11 15 17 02 07 04 08 15 07 17 01 08 04 01 12 07 15 03 10 04 01    042.92 029.37 031.10 030.50 034.59 034.40 044.10 027.89 022.95 037.47 022.98 013.52 023.27 021.48 035.71 034.04 015.32 018.25 030.09 030.02 025.63 020.93 018.72 018.39 028.54 033.98 044.73 045.61 023.41 028.15 041.10 
11 15 07 09 17 02 16 04 07 01 15 17 10 17 01 20 07 12 15 11 10 04 12 14 07 19 09 14 11 15 11 05    043.83 029.90 030.12 031.80 033.42 032.72 042.24 032.59 024.60 040.43 025.55 012.06 024.54 022.01 040.10 034.62 014.42 022.82 027.80 029.51 025.22 014.76 013.73 017.44 028.82 037.01 043.77 041.10 021.70 025.72 040.96 
11 08 12 13 10 01 07 16 07 07 11 05 15 15 03 06 14 08 16 12 08 01 04 08 17 12 03 17 08 01 11 17    042.97 035.39 035.10 031.70 032.48 030.17 042.79 034.06 026.86 042.51 025.55 013.69 028.21 024.35 044.50 035.46 010.51 027.39 025.71 032.67 023.54 010.80 010.04 014.79 027.14 039.11 041.59 041.83 018.56 021.86 038.67 
08 12 17 01 06 12 05 01 11 10 15 12 20 05 10 16 19 07 08 20 02 20 17 17 11 11 17 15 03 01 10 09    044.07 036.50 034.50 029.78 028.43 032.47 037.12 031.52 030.18 039.11 028.67 014.85 029.08 026.63 041.16 030.76 013.57 027.73 024.87 037.11 019.29 011.16 009.00 015.96 028.92 035.90 035.82 036.74 016.30 017.55 033.37 
12 10 16 13 20 03 07 16 07 14 07 07 17 19 01 03 17 18 03 12 03 07 10 06 12 08 16 09 11 07 07 08    042.86 031.40 030.39 031.90 027.36 035.14 035.31 031.46 027.95 034.89 026.68 013.60 024.11 025.37 037.91 025.51 013.86 023.27 025.92 035.87 019.95 014.02 010.15 020.52 030.34 035.82 033.54 032.96 018.22 015.24 033.12 
04 05 11 11 03 10 19 14 07 18 18 07 07 14 04 09 14 14 13 15 07 14 05 01 19 01 09 02 09 14 01 19    037.76 027.96 030.34 032.85 022.86 032.48 032.14 028.43 024.62 029.92 020.23 013.48 018.52 025.81 038.11 021.26 017.54 022.39 022.04 032.38 016.55 012.17 009.41 020.70 024.74 036.18 032.00 034.24 022.82 018.58 032.82 
10 16 02 09 06 04 18 07 10 08 17 17 13 16 11 11 03 11 07 09 16 20 17 19 04 14 06 11 10 18 10 07    035.49 030.84 032.30 034.82 024.69 034.87 033.18 029.45 023.53 029.11 017.91 014.06 019.12 028.13 038.57 018.56 019.72 026.92 025.51 031.12 017.52 014.71 010.56 020.45 025.58 040.42 036.46 031.26 026.49 020.75 033.20 
03 07 11 19 11 09 02 05 20 11 15 07 01 04 01 10 11 03 02 19 01 10 15 05 14 03 14 09 11 11 04 14    042.43 036.57 035.22 039.52 029.34 040.01 036.65 032.72 025.95 029.55 018.27 021.21 021.64 031.86 038.39 018.20 019.26 024.85 023.78 031.78 020.31 015.19 010.13 020.51 027.71 044.79 040.19 031.25 028.01 024.06 031.15 
10 06 02 10 10 08 14 11 10 12 14 01 17 06 03 08 01 10 15 17 09 07 16 17 08 01 14 11 10 12 15 05    043.18 036.25 037.31 043.96 030.51 041.93 034.68 031.33 025.19 029.77 015.04 021.40 016.79 031.20 038.07 017.20 018.00 021.57 023.46 032.49 022.83 014.25 009.78 017.86 026.22 048.95 043.79 031.56 033.54 027.85 033.41 
05 11 14 15 08 05 07 11 07 20 12 10 10 02 08 10 06 02 01 10 05 09 04 15 17 03 12 11 12 19 08 14    043.12 041.20 038.06 048.07 030.78 041.17 034.97 033.50 027.76 033.36 013.24 024.90 017.35 029.46 043.03 016.18 019.72 024.44 023.87 029.15 027.55 014.73 012.92 016.20 027.86 052.36 045.97 032.48 037.15 033.63 037.69 
02 03 03 15 01 16 15 10 05 14 03 05 20 13 19 04 14 05 01 17 11 18 02 14 03 08 03 08 05 02 04 03    043.01 045.34 039.86 050.47 030.09 042.33 035.06 033.90 032.65 031.27 009.26 022.90 020.61 029.30 040.52 015.34 020.04 021.49 024.85 025.30 028.47 017.65 015.11 014.71 024.55 056.50 051.05 032.56 037.93 036.28 044.21 
12 03 02 07 09 04 07 07 07 12 05 08 04 12 12 11 05 07 05 14 02 03 04 08 19 11 15 14 12 07 02 17    049.22 049.16 039.42 053.56 029.56 045.00 030.05 033.15 035.35 032.29 013.57 026.46 021.20 033.11 038.76 016.14 014.77 015.91 024.51 025.12 028.80 016.79 011.98 014.96 026.92 056.63 051.24 031.38 041.06 033.17 044.90 
02 14 05 11 11 19 10 17 07 05 10 16 13 12 03 15 01 11 01 07 03 02 19 10 11 14 15 19 07 06 12 01    051.16 050.54 041.71 056.33 034.11 049.01 031.62 036.96 041.73 032.48 017.60 026.57 022.00 034.33 042.03 016.65 019.88 019.95 028.70 027.35 029.11 023.10 011.24 015.70 031.81 057.96 053.62 030.20 046.45 035.70 047.65 
11 01 01 14 07 11 10 03 01 10 11 06 07 16 06 08 08 10 12 15 05 12 17 05 17 02 07 03 12 11 01 02    048.08 053.79 039.81 057.32 033.41 046.78 034.34 033.13 043.96 028.85 014.63 029.34 023.67 035.39 043.12 016.04 021.43 025.76 033.98 025.95 030.07 022.81 015.37 021.66 037.01 060.98 054.81 026.00 045.27 032.53 048.09 
04 04 13 12 07 01 06 15 03 07 12 07 01 11 11 11 05 07 09 08 07 03 07 17 07 01 09 12 20 03 04 16    048.94 052.78 036.77 052.29 032.15 045.72 029.96 028.02 040.53 028.65 014.10 029.94 023.51 037.86 039.56 015.72 021.56 023.45 034.57 024.47 023.89 021.12 015.98 024.29 039.03 055.19 053.17 025.95 043.33 032.60 046.79 
02 09 09 05 08 17 09 06 01 05 05 14 08 15 05 12 07 15 01 09 07 10 02 01 12 08 02 18 17 04 15 16    049.25 052.90 037.00 051.91 036.46 051.05 032.44 029.47 043.83 029.29 021.34 033.44 023.80 042.47 041.31 015.22 024.73 020.95 036.62 023.63 021.81 023.25 013.82 024.67 040.88 057.53 055.52 027.80 042.89 036.08 048.82 
14 08 03 01 12 01 10 17 05 12 01 07 10 12 14 14 15 20 11 10 10 12 04 11 03 19 05 03 17 10 05 12    047.19 052.24 040.99 055.00 040.03 052.92 039.14 035.15 049.08 031.08 021.06 031.27 025.87 043.30 042.36 015.36 029.84 027.93 036.44 029.78 026.26 024.57 014.74 029.53 042.14 056.63 059.01 031.68 041.36 038.73 050.60 
11 10 01 05 03 07 10 14 03 11 07 05 07 17 03 06 05 17 01 02 05 12 03 01 07 03 03 07 03 15 02 09    043.23 046.18 036.59 049.96 037.13 049.69 038.09 031.52 047.44 028.27 015.42 031.80 026.28 042.81 043.37 012.96 025.41 031.65 036.34 031.45 024.68 023.87 018.72 030.17 043.38 054.48 055.98 026.68 039.02 038.51 049.87 
17 08 17 14 11 01 11 04 05 17 10 03 01 07 15 10 01 04 06 01 11 07 01 10 12 14 05 12 06 04 04 06    041.11 044.99 036.09 047.67 036.57 051.47 036.15 030.54 046.62 031.18 020.33 035.36 028.99 046.06 045.14 011.57 024.34 028.50 038.22 029.12 018.82 021.71 018.54 028.38 042.36 049.91 054.22 025.11 035.86 040.07 049.29 
11 02 01 15 02 12 08 07 13 07 11 15 17 02 07 04 08 15 07 17 01 08 04 01 12 07 15 03 10 04 01 07    044.20 044.72 042.96 048.73 042.27 056.81 041.71 038.02 051.58 033.44 025.89 035.39 036.12 049.75 047.21 015.32 030.31 029.26 040.37 034.76 017.63 021.15 016.47 024.58 044.85 053.96 054.31 031.87 034.86 044.17 051.91 
15 07 09 17 02 16 04 07 01 15 17 10 17 01 20 07 12 15 11 10 04 12 14 07 19 09 14 11 15 11 05 10    042.61 041.40 045.12 047.65 043.03 056.32 046.30 038.16 054.55 033.22 022.36 035.05 035.63 052.78 045.06 014.42 034.80 029.46 039.70 037.42 015.62 020.17 018.58 028.02 049.10 055.22 049.83 032.93 035.44 045.97 047.96 
08 12 13 10 01 07 16 07 07 11 05 15 15 03 06 14 08 16 12 08 01 04 08 17 12 03 17 08 01 11 17 02    043.53 042.09 041.49 042.96 039.22 053.27 044.22 035.96 052.49 030.73 021.16 036.04 033.14 053.87 041.52 010.51 035.82 029.00 040.57 033.42 013.31 013.85 015.28 027.98 048.94 049.96 046.61 027.11 028.46 041.38 042.86 
12 17 01 06 12 05 01 11 10 15 12 20 05 10 16 19 07 08 20 02 20 17 17 11 11 17 15 03 01 10 09 18    048.34 046.93 042.78 040.13 041.37 049.63 043.28 041.07 052.68 032.20 026.29 038.31 037.92 052.13 040.69 013.57 034.52 023.87 042.96 029.53 010.99 012.63 012.22 027.71 046.01 045.84 045.51 027.47 026.43 037.98 039.64 
10 16 13 20 03 07 16 07 14 07 07 17 19 01 03 17 18 03 12 03 07 10 06 12 08 16 09 11 07 07 08 05    044.10 044.25 042.58 035.29 039.12 045.10 042.22 039.01 048.34 027.93 026.20 031.96 036.09 047.56 037.52 013.86 027.32 018.57 038.03 024.61 010.81 007.07 011.50 028.03 043.84 039.72 041.87 023.64 021.42 035.74 036.27 
05 11 11 03 10 19 14 07 18 18 07 07 14 04 09 14 14 13 15 07 14 05 01 19 01 09 02 09 14 01 19 05    045.17 047.55 043.74 031.12 035.19 042.42 043.63 040.47 046.16 024.28 030.76 030.24 041.19 051.70 037.33 017.54 027.09 013.29 034.04 019.77 011.33 010.24 013.54 026.30 045.69 037.93 041.62 025.81 024.50 033.44 034.88 
16 02 09 06 04 18 07 10 08 17 17 13 16 11 11 03 11 07 09 16 20 17 19 04 14 06 11 10 18 10 07 10    049.00 050.15 046.52 030.14 037.33 040.17 044.83 039.72 046.63 022.52 033.35 031.18 042.07 051.62 036.39 019.72 027.08 014.65 028.60 021.28 014.59 011.39 012.84 024.25 048.72 042.83 041.30 030.58 027.22 036.01 037.06 
07 11 19 11 09 02 05 20 11 15 07 01 04 01 10 11 03 02 19 01 10 15 05 14 03 14 09 11 11 04 14 07    050.96 049.34 047.84 029.60 038.86 037.71 044.15 037.95 044.81 023.93 038.48 030.79 042.09 048.70 035.12 019.26 023.34 013.52 025.48 022.79 017.10 015.21 015.61 027.09 049.31 044.36 040.26 030.22 032.14 034.69 035.64 
06 02 10 10 08 14 11 10 12 14 01 17 06 03 08 01 10 15 17 09 07 16 17 08 01 14 11 10 12 15 05 03    047.08 046.72 046.38 024.50 037.50 030.67 040.53 034.43 042.51 023.39 035.94 023.94 039.36 047.01 033.39 018.00 017.28 012.95 022.99 017.94 015.61 013.40 018.35 025.95 049.21 044.22 036.32 029.67 033.09 034.30 033.24 
11 14 15 08 05 07 11 07 20 12 10 10 02 08 10 06 02 01 10 05 09 04 15 17 03 12 11 12 19 08 14 08    049.71 043.38 046.38 019.08 033.26 026.92 038.23 032.50 044.25 022.16 036.59 026.77 036.86 051.28 033.05 019.72 020.06 014.80 020.57 017.41 018.48 017.21 022.28 029.78 049.81 042.78 035.92 030.07 035.42 033.78 033.12 
03 03 15 01 16 15 10 05 14 03 05 20 13 19 04 14 05 01 17 11 18 02 14 03 08 03 08 05 02 04 03 04    048.76 040.22 045.34 013.34 030.19 025.21 033.62 031.94 039.02 020.72 032.41 026.12 033.81 046.63 032.04 020.04 019.43 013.46 014.41 012.10 016.20 012.95 020.54 026.35 049.09 043.67 032.33 028.13 033.88 035.85 030.66 
03 02 07 09 04 07 07 07 12 05 08 04 12 12 11 05 07 05 14 02 03 04 08 19 11 15 14 12 07 02 17 16    049.55 035.40 046.61 015.12 033.75 020.59 028.76 031.12 036.94 020.83 031.32 020.47 033.35 041.18 025.95 014.77 013.68 014.66 013.58 015.30 013.45 010.67 019.30 024.34 047.54 044.94 031.87 031.89 032.08 039.43 030.27 
14 05 11 11 19 10 17 07 05 10 16 13 12 03 15 01 11 01 07 03 02 19 10 11 14 15 19 07 06 12 01 07    046.08 029.62 042.49 014.88 031.30 015.54 024.65 029.30 033.30 018.73 027.97 016.78 029.02 040.59 027.15 019.88 013.76 013.06 015.67 012.56 015.65 010.66 020.63 023.20 041.51 041.87 028.85 030.84 030.70 037.80 026.49 
01 01 14 07 11 10 03 01 10 11 06 07 16 06 08 08 10 12 15 05 12 17 05 17 02 07 03 12 11 01 02 08    047.45 024.20 041.27 013.72 028.56 016.71 020.14 032.22 029.48 015.87 028.00 018.89 022.22 036.16 025.01 021.43 015.98 013.70 013.58 018.81 019.15 006.87 023.89 022.99 042.31 045.61 026.92 032.86 030.79 040.73 024.07 
04 13 12 07 01 06 15 03 07 12 07 01 11 11 11 05 07 09 08 07 03 07 17 07 01 09 12 20 03 04 16 07    044.80 019.98 034.95 013.36 026.31 012.18 017.19 028.60 027.82 019.72 028.15 017.14 021.88 029.68 022.35 021.56 020.22 013.11 015.72 020.51 018.89 011.24 027.01 022.49 036.16 044.85 026.45 033.29 032.53 042.91 019.36 
09 09 05 08 17 09 06 01 05 05 14 08 15 05 12 07 15 01 09 07 10 02 01 12 08 02 18 17 04 15 16 15    038.52 013.87 029.01 017.34 027.35 009.13 010.80 023.36 024.68 019.94 028.58 014.89 024.09 028.85 022.35 024.73 023.58 014.66 015.30 022.31 013.86 017.93 032.09 022.69 034.40 042.13 020.21 027.98 033.87 040.40 014.95 
08 03 01 12 01 10 17 05 12 01 07 10 12 14 14 15 20 11 10 10 12 04 11 03 19 05 03 17 10 05 12 15    035.77 015.04 027.44 021.32 025.59 009.48 009.75 024.25 024.32 017.70 023.31 017.15 019.35 026.88 019.67 029.84 026.93 011.76 017.67 028.04 014.94 020.65 037.92 017.97 030.46 044.54 019.62 025.65 037.21 039.81 015.84 
10 01 05 03 07 10 14 03 11 07 05 07 17 03 06 05 17 01 02 05 12 03 01 07 03 03 07 03 15 02 09 02    032.54 018.15 026.62 021.49 026.80 012.83 010.53 027.87 019.80 017.31 018.19 016.03 018.81 029.05 015.16 025.41 028.65 015.55 016.71 027.14 018.87 018.71 036.90 021.06 035.21 046.55 018.90 029.60 040.96 043.75 018.63 
08 17 14 11 01 11 04 05 17 10 03 01 07 15 10 01 04 06 01 11 07 01 10 12 14 05 12 06 04 04 06 08    035.34 021.87 026.50 020.81 031.58 012.68 010.53 029.41 022.56 021.22 019.20 019.38 021.86 032.23 013.99 024.34 026.49 016.72 014.32 028.56 022.42 018.74 032.29 018.95 036.35 050.71 025.15 033.28 045.18 049.22 025.63 
02 01 15 02 12 08 07 13 07 11 15 17 02 07 04 08 15 07 17 01 08 04 01 12 07 15 03 10 04 01 07 06    034.42 022.82 023.61 021.82 032.55 012.29 014.08 029.55 024.90 025.06 019.25 022.90 020.87 035.47 018.25 030.31 026.02 012.30 012.08 028.93 024.81 021.77 030.71 015.91 037.39 051.00 028.64 030.97 049.42 049.55 027.73 
07 09 17 02 16 04 07 01 15 17 10 17 01 20 07 12 15 11 10 04 12 14 07 19 09 14 11 15 11 05 10 15    034.28 027.59 021.15 025.47 031.87 014.00 015.17 033.68 019.94 026.17 013.30 020.20 019.92 032.28 022.82 034.80 025.01 009.58 011.71 031.24 029.62 024.00 028.18 017.92 041.93 051.28 029.95 035.51 055.00 051.22 031.09 
12 13 10 01 07 16 07 07 11 05 15 15 03 06 14 08 16 12 08 01 04 08 17 12 03 17 08 01 11 17 02 01    040.72 032.72 023.35 025.27 031.56 017.76 014.82 036.60 017.91 028.60 010.89 021.84 022.68 035.47 027.39 035.82 021.97 010.54 015.70 030.14 032.67 026.40 024.66 019.41 044.16 057.67 031.35 038.76 058.41 052.38 037.15 
17 01 06 12 05 01 11 10 15 12 20 05 10 16 19 07 08 20 02 20 17 17 11 11 17 15 03 01 10 09 18 11    040.46 033.75 022.99 029.65 031.03 018.65 015.78 039.65 014.71 030.28 009.96 020.09 022.62 031.40 027.73 034.52 020.88 014.14 018.91 026.21 028.80 024.23 018.27 023.00 043.07 058.27 029.76 039.56 058.21 050.67 039.63 
16 13 20 03 07 16 07 14 07 07 17 19 01 03 17 18 03 12 03 07 10 06 12 08 16 09 11 07 07 08 05 08    038.34 034.05 022.68 031.35 028.27 021.23 020.23 038.01 013.72 027.73 008.71 019.31 023.59 032.79 023.27 027.32 020.83 013.45 018.08 018.98 023.46 023.20 015.95 024.70 039.40 052.11 025.96 033.70 052.57 045.61 038.12 
11 11 03 10 19 14 07 18 18 07 07 14 04 09 14 14 13 15 07 14 05 01 19 01 09 02 09 14 01 19 05 14    039.82 037.40 019.31 029.67 026.50 025.07 024.54 037.26 014.28 029.48 012.22 025.17 028.78 034.34 022.39 027.09 018.17 010.29 017.54 016.30 020.81 021.33 014.28 027.57 035.67 052.63 028.95 036.91 049.76 044.26 041.58 
02 09 06 04 18 07 10 08 17 17 13 16 11 11 03 11 07 09 16 20 17 19 04 14 06 11 10 18 10 07 10 02    042.47 042.02 024.84 032.61 025.77 029.36 028.12 040.81 014.66 034.21 016.69 024.77 030.76 033.22 026.92 027.08 019.43 006.19 020.91 016.64 021.61 020.36 008.44 032.17 040.81 053.01 034.63 042.28 050.76 047.81 047.06 
11 19 11 09 02 05 20 11 15 07 01 04 01 10 11 03 02 19 01 10 15 05 14 03 14 09 11 11 04 14 07 19    039.60 042.67 028.10 036.36 028.54 029.78 026.97 038.29 009.57 034.40 016.35 023.13 029.90 028.09 024.85 023.34 015.32 011.83 024.41 012.49 016.55 013.62 005.87 037.93 044.94 049.63 032.62 044.42 046.70 042.86 047.51 
02 10 10 08 14 11 10 12 14 01 17 06 03 08 01 10 15 17 09 07 16 17 08 01 14 11 10 12 15 05 03 11    040.08 044.25 023.75 037.02 025.54 032.59 029.45 040.01 013.77 033.10 015.36 025.10 033.38 028.21 021.57 017.28 011.74 011.92 023.03 014.24 012.24 014.81 009.04 041.29 045.12 045.46 032.89 044.06 043.80 040.29 046.88 
14 15 08 05 07 11 07 20 12 10 10 02 08 10 06 02 01 10 05 09 04 15 17 03 12 11 12 19 08 14 08 07    038.55 048.57 024.47 035.79 022.55 033.00 031.90 042.82 016.98 033.96 021.27 022.60 038.13 028.03 024.44 020.06 010.87 006.01 024.93 020.85 012.94 019.77 011.29 043.50 047.83 048.42 037.60 050.49 046.41 041.60 052.30 
03 15 01 16 15 10 05 14 03 05 20 13 19 04 14 05 01 17 11 18 02 14 03 08 03 08 05 02 04 03 04 07    038.94 051.79 024.95 037.13 025.86 035.52 037.21 040.55 018.30 031.65 024.77 024.12 038.31 025.42 021.49 019.43 016.76 009.42 026.78 025.67 010.85 017.36 012.64 049.16 054.32 046.42 039.46 050.52 052.22 040.14 053.14 
02 07 09 04 07 07 07 12 05 08 04 12 12 11 05 07 05 14 02 03 04 08 19 11 15 14 12 07 02 17 16 02    038.73 054.01 025.31 041.29 024.65 034.33 039.11 040.26 020.43 031.80 024.12 028.64 037.92 021.56 015.91 013.68 017.20 012.97 027.49 024.21 006.48 013.53 017.75 051.79 054.80 042.96 042.00 044.29 052.31 039.99 053.55 
05 11 11 19 10 17 07 05 10 16 13 12 03 15 01 11 01 07 03 02 19 10 11 14 15 19 07 06 12 01 07 01    038.35 052.58 022.01 041.59 024.22 035.49 040.81 039.98 024.44 031.79 025.38 027.64 042.73 024.96 019.95 013.76 019.27 008.56 023.90 028.38 010.74 012.72 018.91 049.55 054.77 040.76 043.63 043.41 051.54 039.00 052.33 
01 14 07 11 10 03 01 10 11 06 07 16 06 08 08 10 12 15 05 12 17 05 17 02 07 03 12 11 01 02 08 10    037.22 054.04 021.59 041.45 029.71 035.13 047.25 040.03 026.27 034.90 031.69 026.35 043.82 027.12 025.76 015.98 023.12 007.86 028.51 033.65 014.34 014.98 019.60 053.45 061.39 041.49 048.30 045.25 056.29 039.32 052.87 
13 12 07 01 06 15 03 07 12 07 01 11 11 11 05 07 09 08 07 03 07 17 07 01 09 12 20 03 04 16 07 10    039.73 053.79 025.05 044.46 030.75 036.34 048.24 038.58 027.78 034.55 034.05 032.02 041.26 023.97 023.45 020.22 026.67 013.55 027.65 033.69 011.04 010.20 024.16 054.17 064.79 042.77 052.42 048.09 060.64 037.32 054.64 
09 05 08 17 09 06 01 05 05 14 08 15 05 12 07 15 01 09 07 10 02 01 12 08 02 18 17 04 15 16 15 17    036.96 051.48 027.08 047.98 028.77 033.06 046.76 036.45 031.31 035.06 032.95 034.50 042.59 022.05 020.95 023.58 026.90 012.90 026.71 030.71 008.79 009.84 028.52 055.28 064.79 039.07 048.04 049.03 059.81 036.84 050.86 
03 01 12 01 10 17 05 12 01 07 10 12 14 14 15 20 11 10 10 12 04 11 03 19 05 03 17 10 05 12 15 12    038.31 052.94 026.69 048.29 031.74 036.44 050.74 038.97 034.19 033.86 037.87 031.03 046.19 022.88 027.93 026.93 022.86 015.77 031.48 028.71 014.50 012.03 026.36 052.10 069.52 041.64 046.09 053.82 061.04 041.22 052.70 
01 05 03 07 10 14 03 11 07 05 07 17 03 06 05 17 01 02 05 12 03 01 07 03 03 07 03 15 02 09 02 15    041.91 052.08 030.93 049.11 036.65 038.60 055.66 036.18 036.10 034.43 042.82 033.38 050.43 026.37 031.65 028.65 023.90 020.95 037.15 033.23 016.06 012.90 027.97 055.89 074.09 042.20 052.41 060.85 066.55 045.18 053.12 
17 14 11 01 11 04 05 17 10 03 01 07 15 10 01 04 06 01 11 07 01 10 12 14 05 12 06 04 04 06 08 19    045.69 051.11 034.14 053.23 036.85 036.79 055.54 036.90 038.69 035.34 043.94 039.66 052.34 026.02 028.50 026.49 027.82 025.96 036.70 036.47 011.56 008.49 033.82 056.68 074.57 044.60 051.86 062.28 069.01 049.83 051.56 
01 15 02 12 08 07 13 07 11 15 17 02 07 04 08 15 07 17 01 08 04 01 12 07 15 03 10 04 01 07 06 01    046.24 048.83 034.07 055.33 036.37 039.59 055.05 036.69 042.32 034.08 046.66 042.46 055.25 030.09 029.26 026.02 026.09 027.57 031.79 033.86 013.12 012.03 031.89 055.88 072.30 046.86 047.41 064.24 068.08 048.96 048.67 
09 17 02 16 04 07 01 15 17 10 17 01 20 07 12 15 11 10 04 12 14 07 19 09 14 11 15 11 05 10 15 02    045.16 043.43 032.66 053.07 038.29 038.50 056.24 031.95 038.05 031.25 041.31 042.72 052.34 027.80 029.46 025.01 021.70 026.97 026.98 032.00 011.74 011.35 033.54 055.48 066.07 041.98 046.32 062.84 062.97 045.70 046.82 
13 10 01 07 16 07 07 11 05 15 15 03 06 14 08 16 12 08 01 04 08 17 12 03 17 08 01 11 17 02 01 10    043.76 038.36 029.78 048.29 038.13 033.80 054.25 028.14 035.96 029.25 037.74 044.57 050.92 025.71 029.00 021.97 019.39 025.07 021.00 027.03 013.92 014.93 034.09 049.76 064.56 035.12 042.03 058.27 058.30 045.97 042.91 
01 06 12 05 01 11 10 15 12 20 05 10 16 19 07 08 20 02 20 17 17 11 11 17 15 03 01 10 09 18 11 06    041.90 032.53 030.97 042.90 036.21 034.59 052.85 025.27 036.33 029.74 036.34 042.62 045.32 024.87 023.87 020.88 022.87 022.51 015.37 019.96 013.68 013.95 032.94 043.82 059.70 029.56 036.56 053.26 051.81 043.83 040.29 
13 20 03 07 16 07 14 07 07 17 19 01 03 17 18 03 12 03 07 10 06 12 08 16 09 11 07 07 08 05 08 08    044.62 032.66 033.75 042.53 041.03 039.77 053.35 023.79 037.35 029.02 038.03 044.34 046.63 025.92 018.57 020.83 025.35 021.92 012.52 017.91 013.36 018.94 038.37 041.58 055.20 026.75 032.84 048.35 049.10 042.70 043.91 
11 03 10 19 14 07 18 18 07 07 14 04 09 14 14 13 15 07 14 05 01 19 01 09 02 09 14 01 19 05 14 17    042.49 025.91 029.76 036.74 040.34 038.22 046.60 020.61 034.81 026.27 039.32 046.27 041.40 022.04 013.29 018.17 022.30 015.75 009.91 013.92 013.06 020.48 038.79 036.12 049.18 025.25 031.82 041.47 041.94 040.84 041.55 
09 06 04 18 07 10 08 17 17 13 16 11 11 03 11 07 09 16 20 17 19 04 14 06 11 10 18 10 07 10 02 04    041.58 022.26 027.40 030.42 041.44 037.32 045.43 023.84 036.42 028.89 039.38 046.34 040.85 025.51 014.65 019.43 018.03 015.71 011.68 015.13 018.73 020.95 038.86 035.93 045.05 025.90 032.31 038.24 041.50 042.06 038.57 
19 11 09 02 05 20 11 15 07 01 04 01 10 11 03 02 19 01 10 15 05 14 03 14 09 11 11 04 14 07 19 11    040.71 020.96 029.19 026.34 036.63 031.63 041.05 020.15 037.18 024.03 035.42 040.56 035.54 023.78 013.52 015.32 012.66 017.31 011.64 014.40 017.02 020.62 038.46 038.28 042.40 024.59 036.66 036.64 038.35 041.20 039.25 
10 10 08 14 11 10 12 14 01 17 06 03 08 01 10 15 17 09 07 16 17 08 01 14 11 10 12 15 05 03 11 12    038.57 014.65 028.34 019.23 033.92 029.25 039.90 021.00 034.71 019.21 033.18 039.85 034.67 023.46 012.95 011.74 012.99 013.88 012.16 014.56 022.79 020.12 037.95 037.56 038.94 023.46 038.33 035.60 036.62 039.19 039.84 
15 08 05 07 11 07 20 12 10 10 02 08 10 06 02 01 10 05 09 04 15 17 03 12 11 12 19 08 14 08 07 12    039.70 013.65 025.88 014.51 028.42 025.70 038.84 016.98 031.10 020.07 025.91 039.54 030.13 023.87 014.80 010.87 011.53 014.18 015.23 012.87 025.47 018.61 037.63 038.12 040.41 027.05 042.58 036.43 035.49 042.73 037.77 
15 01 16 15 10 05 14 03 05 20 13 19 04 14 05 01 17 11 18 02 14 03 08 03 08 05 02 04 03 04 07 09    037.12 009.74 020.97 012.32 024.53 025.06 033.81 019.95 027.63 019.74 023.92 036.35 030.70 024.85 013.46 016.76 011.19 012.18 016.09 010.83 027.58 017.85 036.86 038.42 035.59 023.23 040.30 037.65 031.02 039.21 035.14 
07 09 04 07 07 07 12 05 08 04 12 12 11 05 07 05 14 02 03 04 08 19 11 15 14 12 07 02 17 16 02 07    037.88 015.53 024.37 007.63 020.72 026.11 034.60 022.12 027.78 016.36 023.26 032.26 027.06 024.51 014.66 017.20 013.04 018.57 019.72 014.50 029.37 014.63 034.96 040.19 038.03 026.82 040.18 042.52 032.61 042.62 039.55 
11 11 19 10 17 07 05 10 16 13 12 03 15 01 11 01 07 03 02 19 10 11 14 15 19 07 06 12 01 07 01 11    033.44 017.98 024.06 005.44 017.90 023.19 029.65 019.43 024.03 015.56 019.62 032.00 028.49 028.70 013.06 019.27 020.24 020.94 021.69 018.33 030.30 015.26 030.88 038.29 034.01 028.10 037.68 039.65 027.22 039.10 036.63 
14 07 11 10 03 01 10 11 06 07 16 06 08 08 10 12 15 05 12 17 05 17 02 07 03 12 11 01 02 08 10 11    031.03 015.07 019.48 008.51 016.94 027.06 031.28 023.98 028.59 021.66 015.73 030.78 032.82 033.98 013.70 023.12 022.11 026.44 027.28 020.17 035.45 018.41 030.82 042.28 033.30 030.23 037.18 041.57 027.56 038.87 039.70 
12 07 01 06 15 03 07 12 07 01 11 11 11 05 07 09 08 07 03 07 17 07 01 09 12 20 03 04 16 07 10 14    028.78 011.23 018.96 012.70 022.26 029.05 034.50 030.81 033.72 024.89 017.75 029.90 032.62 034.57 013.11 026.67 021.66 028.72 028.64 021.83 034.71 016.52 028.09 046.04 035.38 034.99 040.35 047.45 027.33 044.33 041.09 
05 08 17 09 06 01 05 05 14 08 15 05 12 07 15 01 09 07 10 02 01 12 08 02 18 17 04 15 16 15 17 11    027.76 015.13 025.11 009.68 020.27 027.19 031.89 030.54 031.26 027.40 015.33 029.55 031.00 036.62 014.66 026.90 019.64 033.67 027.65 025.53 035.56 010.35 032.51 049.90 033.52 036.24 046.95 051.11 026.65 044.47 045.62 
01 12 01 10 17 05 12 01 07 10 12 14 14 15 20 11 10 10 12 04 11 03 19 05 03 17 10 05 12 15 12 17    031.06 018.66 028.22 009.97 018.96 031.05 030.60 027.85 026.69 028.31 012.81 031.79 024.89 036.44 011.76 022.86 015.82 033.97 023.39 023.68 034.88 007.57 033.01 054.06 030.81 033.99 047.67 049.38 026.60 043.50 045.03 
05 03 07 10 14 03 11 07 05 07 17 03 06 05 17 01 02 05 12 03 01 07 03 03 07 03 15 02 09 02 15 19    029.91 015.03 025.74 015.81 022.76 034.94 031.48 032.21 027.56 030.96 014.99 039.15 026.90 036.34 015.55 023.90 009.26 032.39 024.59 021.24 035.18 008.75 033.94 056.58 029.63 036.67 050.99 051.20 028.16 041.80 049.62 
14 11 01 11 04 05 17 10 03 01 07 15 10 01 04 06 01 11 07 01 10 12 14 05 12 06 04 04 06 08 19 01    026.88 015.53 027.49 016.79 021.82 034.23 035.25 037.81 028.07 033.63 016.44 042.39 029.52 038.22 016.72 027.82 013.26 038.20 031.52 025.16 035.99 006.62 035.54 060.31 036.92 040.45 055.29 057.26 034.32 042.00 055.00 
15 02 12 08 07 13 07 11 15 17 02 07 04 08 15 07 17 01 08 04 01 12 07 15 03 10 04 01 07 06 01 03    026.74 021.43 033.53 013.31 021.12 034.07 031.17 036.62 023.96 032.88 018.11 042.13 030.02 040.37 012.30 026.09 014.61 038.21 034.70 027.94 033.67 007.77 040.75 060.83 039.31 040.35 059.88 058.72 036.74 038.54 055.90 
17 02 16 04 07 01 15 17 10 17 01 20 07 12 15 11 10 04 12 14 07 19 09 14 11 15 11 05 10 15 02 14    025.60 023.82 035.38 018.32 024.19 039.60 026.32 035.01 020.66 029.55 022.74 041.15 029.51 039.70 009.58 021.70 012.59 034.61 034.34 024.87 027.03 014.12 044.43 058.84 036.01 041.31 060.81 057.59 037.86 037.62 052.08 
10 01 07 16 07 07 11 05 15 15 03 06 14 08 16 12 08 01 04 08 17 12 03 17 08 01 11 17 02 01 10 01    025.99 022.41 033.66 023.82 024.72 041.97 027.25 036.68 021.22 031.50 028.41 045.82 032.67 040.57 010.54 019.39 016.74 031.97 035.33 028.62 027.11 016.57 043.32 063.08 034.57 042.67 061.08 056.75 042.06 038.03 057.23 
06 12 05 01 11 10 15 12 20 05 10 16 19 07 08 20 02 20 17 17 11 11 17 15 03 01 10 09 18 11 06 03    024.48 025.73 031.71 025.30 025.45 045.23 027.43 042.03 021.50 031.77 027.24 044.39 037.11 042.96 014.14 022.87 022.55 032.87 035.14 032.45 025.12 018.72 042.38 065.86 034.44 045.44 064.12 057.58 045.09 042.33 061.18 
20 03 07 16 07 14 07 07 17 19 01 03 17 18 03 12 03 07 10 06 12 08 16 09 11 07 07 08 05 08 08 16    026.19 031.44 030.01 026.53 028.27 045.42 022.41 040.78 018.07 029.10 026.06 044.76 035.87 038.03 013.45 025.35 024.24 028.44 034.11 032.53 020.80 023.89 043.79 062.64 033.51 043.93 062.00 056.24 046.80 045.64 057.81 
03 10 19 14 07 18 18 07 07 14 04 09 14 14 13 15 07 14 05 01 19 01 09 02 09 14 01 19 05 14 17 04    024.71 032.15 029.92 031.59 032.14 045.02 021.60 039.61 021.22 032.83 032.15 044.14 032.38 034.04 010.29 022.30 024.30 024.43 029.33 027.32 019.16 029.29 040.41 061.28 034.88 045.61 057.42 053.25 049.67 045.74 059.68 
06 04 18 07 10 08 17 17 13 16 11 11 03 11 07 09 16 20 17 19 04 14 06 11 10 18 10 07 10 02 04 12    024.72 030.69 025.16 033.32 032.14 044.10 020.38 038.54 021.98 029.63 034.07 038.98 031.12 028.60 006.19 018.03 021.85 018.71 024.34 023.62 013.08 031.53 040.12 055.07 034.49 044.26 051.41 050.45 048.54 041.87 059.18 
11 09 02 05 20 11 15 07 01 04 01 10 11 03 02 19 01 10 15 05 14 03 14 09 11 11 04 14 07 19 11 10    023.31 029.10 022.47 033.03 030.49 042.12 020.46 040.19 022.18 030.39 034.35 037.89 031.78 025.48 011.83 012.66 023.21 016.80 021.80 021.88 016.28 033.45 040.88 050.56 029.37 046.34 045.75 046.11 046.41 043.67 056.57 
10 08 14 11 10 12 14 01 17 06 03 08 01 10 15 17 09 07 16 17 08 01 14 11 10 12 15 05 03 11 12 06    022.67 034.68 023.31 038.26 035.99 047.71 024.67 042.30 024.33 031.71 038.70 039.58 032.49 022.99 011.92 012.99 026.02 022.05 022.78 025.05 015.68 039.20 045.81 051.47 033.26 051.08 048.09 048.45 050.53 049.65 059.14 
08 05 07 11 07 20 12 10 10 02 08 10 06 02 01 10 05 09 04 15 17 03 12 11 12 19 08 14 08 07 12 14    023.95 035.64 022.12 036.53 035.50 047.45 022.46 038.94 026.53 027.44 042.25 033.97 029.15 020.57 006.01 011.53 025.30 024.80 018.04 023.67 015.63 044.23 049.02 051.28 038.13 052.98 047.78 045.57 054.26 048.64 056.91 
01 16 15 10 05 14 03 05 20 13 19 04 14 05 01 17 11 18 02 14 03 08 03 08 05 02 04 03 04 07 09 05    017.23 030.84 021.01 034.58 035.60 042.24 022.43 034.48 026.76 027.97 041.86 032.05 025.30 014.41 009.42 011.19 019.79 024.06 011.79 021.77 017.68 045.46 049.46 044.01 034.04 047.33 046.90 039.57 049.55 046.10 056.75 
09 04 07 07 07 12 05 08 04 12 12 11 05 07 05 14 02 03 04 08 19 11 15 14 12 07 02 17 16 02 07 03    016.04 033.31 019.84 033.47 037.93 045.47 028.83 038.07 027.27 032.82 042.91 032.20 025.12 013.58 012.97 013.04 020.02 025.64 015.09 022.94 021.07 045.38 050.93 044.46 036.44 044.65 049.17 041.53 052.33 050.56 059.00 
11 19 10 17 07 05 10 16 13 12 03 15 01 11 01 07 03 02 19 10 11 14 15 19 07 06 12 01 07 01 11 12    016.99 039.38 024.76 037.08 041.93 045.74 030.77 038.13 030.18 031.80 047.95 033.23 027.35 015.67 008.56 020.24 021.90 031.24 017.85 017.88 021.42 047.80 055.17 044.33 042.41 044.99 051.95 041.92 054.53 053.31 062.62 
07 11 10 03 01 10 11 06 07 16 06 08 08 10 12 15 05 12 17 05 17 02 07 03 12 11 01 02 08 10 11 11    015.73 038.23 028.29 033.28 045.05 041.63 026.85 038.27 031.88 029.78 046.88 031.05 025.95 013.58 007.86 022.11 021.34 029.52 012.92 015.21 024.51 050.96 057.89 038.60 043.88 040.40 051.25 037.10 049.87 053.12 060.25 
07 01 06 15 03 07 12 07 01 11 11 11 05 07 09 08 07 03 07 17 07 01 09 12 20 03 04 16 07 10 14 17    014.77 036.45 027.34 032.23 043.42 041.56 030.27 040.27 031.90 033.95 044.02 030.23 024.47 015.72 013.55 021.66 016.15 025.60 010.61 015.75 027.38 046.13 057.75 037.20 042.68 039.45 051.14 032.66 049.54 048.87 060.47 
08 17 09 06 01 05 05 14 08 15 05 12 07 15 01 09 07 10 02 01 12 08 02 18 17 04 15 16 15 17 11 10    015.03 036.51 021.51 026.05 037.86 036.18 030.45 037.38 028.00 031.88 041.14 026.20 023.63 015.30 012.90 019.64 018.75 021.90 012.70 018.99 025.63 043.56 055.44 031.78 036.52 040.69 050.01 028.68 044.48 048.13 056.42 
12 01 10 17 05 12 01 07 10 12 14 14 15 20 11 10 10 12 04 11 03 19 05 03 17 10 05 12 15 12 17 09    011.95 034.30 022.11 027.05 038.38 038.37 030.07 035.32 031.43 028.25 043.28 024.93 029.78 017.67 015.77 015.82 021.41 016.92 016.22 025.92 022.41 037.43 056.54 030.27 031.64 042.35 047.39 029.85 044.18 046.86 058.10 
03 07 10 14 03 11 07 05 07 17 03 06 05 17 01 02 05 12 03 01 07 03 03 07 03 15 02 09 02 15 19 07    010.50 029.65 021.84 026.02 038.39 034.36 030.93 031.86 031.33 023.76 044.50 024.93 031.45 016.71 020.95 009.26 024.75 018.14 014.92 029.96 017.75 035.06 056.84 026.61 033.96 046.34 048.35 027.79 040.92 048.53 057.60 
11 01 11 04 05 17 10 03 01 07 15 10 01 04 06 01 11 07 01 10 12 14 05 12 06 04 04 06 08 19 01 11    008.94 028.80 020.72 021.51 034.11 036.72 033.40 032.55 030.33 026.83 045.78 023.21 029.12 014.32 025.96 013.26 025.37 019.20 018.81 033.21 017.99 030.79 053.88 026.90 030.14 044.33 047.79 028.01 035.54 048.63 051.97 
02 12 08 07 13 07 11 15 17 02 07 04 08 15 07 17 01 08 04 01 12 07 15 03 10 04 01 07 06 01 03 12    009.94 028.14 017.93 022.06 029.96 036.95 033.94 031.21 029.83 026.65 046.16 025.63 034.76 012.08 027.57 014.61 026.98 022.61 025.48 035.60 013.28 029.36 051.60 028.24 027.46 047.48 046.78 026.09 031.82 048.99 053.31 
02 16 04 07 01 15 17 10 17 01 20 07 12 15 11 10 04 12 14 07 19 09 14 11 15 11 05 10 15 02 14 03    013.88 026.16 015.97 021.61 030.66 031.22 030.51 024.62 024.47 026.25 040.32 025.22 037.42 011.71 026.97 012.59 028.76 026.08 025.30 033.95 012.22 032.19 047.99 024.75 029.80 049.34 045.88 026.73 029.49 044.31 051.67 
01 07 16 07 07 11 05 15 15 03 06 14 08 16 12 08 01 04 08 17 12 03 17 08 01 11 17 02 01 10 01 19    010.80 023.90 018.31 020.45 030.44 029.16 025.59 023.03 023.48 029.97 039.50 023.54 033.42 015.70 025.07 016.74 024.31 024.58 027.04 033.44 016.13 028.84 046.76 018.58 026.69 045.17 040.13 025.75 023.71 043.70 044.75 
12 05 01 11 10 15 12 20 05 10 16 19 07 08 20 02 20 17 17 11 11 17 15 03 01 10 09 18 11 06 03 01    015.01 021.63 019.93 021.72 031.35 029.51 024.79 021.38 023.39 029.28 034.57 019.29 029.53 018.91 022.51 022.55 019.70 018.32 024.65 029.49 016.86 024.97 043.62 011.99 023.19 041.94 035.22 023.62 021.83 040.65 042.16 
03 07 16 07 14 07 07 17 19 01 03 17 18 03 12 03 07 10 06 12 08 16 09 11 07 07 08 05 08 08 16 14    016.32 022.59 027.20 027.94 034.35 029.90 028.83 020.83 028.57 033.34 037.76 019.95 024.61 018.08 021.92 024.24 014.81 017.87 027.48 030.59 020.41 022.14 040.41 009.31 021.06 038.12 034.24 024.28 027.60 038.29 042.54 
10 19 14 07 18 18 07 07 14 04 09 14 14 13 15 07 14 05 01 19 01 09 02 09 14 01 19 05 14 17 04 07    017.44 023.08 031.18 028.18 032.75 025.20 026.47 021.96 032.43 038.91 035.31 016.55 019.77 017.54 015.75 024.30 011.71 011.57 024.20 027.25 026.24 021.41 037.91 011.84 022.16 033.20 030.53 027.19 028.00 038.37 043.26 
04 18 07 10 08 17 17 13 16 11 11 03 11 07 09 16 20 17 19 04 14 06 11 10 18 10 07 10 02 04 12 12    018.43 019.68 029.40 024.20 030.09 023.07 023.39 020.60 030.04 036.62 031.62 017.52 021.28 020.91 015.71 021.85 008.85 012.27 024.81 024.68 028.18 023.68 033.40 014.35 023.31 030.18 029.39 027.85 023.10 038.93 041.78 
09 02 05 20 11 15 07 01 04 01 10 11 03 02 19 01 10 15 05 14 03 14 09 11 11 04 14 07 19 11 10 14    019.77 018.82 027.55 021.01 027.11 024.04 025.09 019.82 033.17 035.64 031.19 020.31 022.79 024.41 017.31 023.21 013.39 014.05 028.35 029.92 028.63 022.84 027.44 009.09 024.52 023.57 024.35 024.20 022.49 034.65 038.01 
08 14 11 10 12 14 01 17 06 03 08 01 10 15 17 09 07 16 17 08 01 14 11 10 12 15 05 03 11 12 06 11    020.81 017.32 030.03 023.53 032.07 025.15 029.20 020.80 037.40 041.99 035.15 022.83 017.94 023.03 013.88 026.02 012.09 018.09 031.34 030.46 034.60 026.30 026.01 012.06 027.01 022.09 025.93 025.41 028.30 034.54 039.81 
05 07 11 07 20 12 10 10 02 08 10 06 02 01 10 05 09 04 15 17 03 12 11 12 19 08 14 08 07 12 14 17    015.99 014.57 026.98 021.57 035.83 023.57 030.69 024.46 034.19 044.54 035.60 027.55 017.41 024.93 014.18 025.30 015.65 021.23 035.30 031.04 034.48 026.31 030.15 013.65 032.48 023.04 028.89 030.00 028.55 035.24 043.96 
16 15 10 05 14 03 05 20 13 19 04 14 05 01 17 11 18 02 14 03 08 03 08 05 02 04 03 04 07 09 05 20    019.29 018.73 027.98 025.77 036.79 026.34 032.61 026.17 034.22 045.15 037.86 028.47 012.10 026.78 012.18 019.79 015.75 019.09 032.19 029.60 040.04 032.97 028.87 017.31 031.54 027.60 028.47 032.40 031.30 039.99 044.61 
04 07 07 07 12 05 08 04 12 12 11 05 07 05 14 02 03 04 08 19 11 15 14 12 07 02 17 16 02 07 03 10    023.95 019.86 027.79 027.89 041.72 032.03 038.66 026.19 040.59 047.75 038.66 028.80 015.30 027.49 018.57 020.02 017.64 024.74 033.76 032.93 040.73 036.31 030.77 021.99 029.42 030.48 029.62 036.80 036.86 042.76 048.42 
19 10 17 07 05 10 16 13 12 03 15 01 11 01 07 03 02 19 10 11 14 15 19 07 06 12 01 07 01 11 12 10    028.56 020.82 027.30 030.01 041.11 028.70 038.08 025.17 039.83 050.38 039.04 029.11 012.56 023.90 020.94 021.90 016.94 022.40 028.48 033.69 041.50 038.57 028.56 025.56 025.33 031.65 027.15 037.38 037.10 043.52 046.36 
11 10 03 01 10 11 06 07 16 06 08 08 10 12 15 05 12 17 05 17 02 07 03 12 11 01 02 08 10 11 11 12    031.10 027.53 028.38 036.94 043.00 029.58 044.79 031.96 039.80 052.21 040.62 030.07 018.81 028.51 026.44 021.34 017.78 020.66 029.84 039.91 045.25 044.40 028.25 029.58 023.90 033.55 029.02 037.48 041.70 045.93 049.39 
01 06 15 03 07 12 07 01 11 11 11 05 07 09 08 07 03 07 17 07 01 09 12 20 03 04 16 07 10 14 17 06    035.75 030.08 030.12 040.31 043.70 031.78 045.88 030.62 042.22 049.18 035.32 023.89 020.51 027.65 028.72 016.15 015.16 019.53 026.88 040.13 044.76 049.77 028.34 032.80 026.16 038.24 027.58 040.66 041.34 050.12 049.75 
17 09 06 01 05 05 14 08 15 05 12 07 15 01 09 07 10 02 01 12 08 02 18 17 04 15 16 15 17 11 10 14    039.81 031.13 029.16 039.28 040.88 032.81 046.56 027.60 045.83 049.50 032.19 021.81 022.31 026.71 033.67 018.75 014.94 022.45 028.97 042.00 045.24 048.76 024.77 028.35 025.68 037.83 026.16 036.32 041.21 047.37 046.67 
01 10 17 05 12 01 07 10 12 14 14 15 20 11 10 10 12 04 11 03 19 05 03 17 10 05 12 15 12 17 09 04    040.03 035.32 033.85 041.43 045.24 031.42 045.53 031.78 045.73 051.91 031.45 026.26 028.04 031.48 033.97 021.41 013.81 022.93 036.28 041.49 041.39 049.47 024.81 024.89 026.56 036.14 029.68 036.41 039.86 049.34 046.73 
07 10 14 03 11 07 05 07 17 03 06 05 17 01 02 05 12 03 01 07 03 03 07 03 15 02 09 02 15 19 07 07    038.74 035.89 033.47 041.51 042.68 029.50 043.60 030.16 043.60 053.50 028.37 024.68 027.14 037.15 032.39 024.75 008.76 022.25 038.20 041.02 038.12 048.00 017.73 023.18 026.06 033.76 025.34 032.52 037.68 047.74 045.47 
01 11 04 05 17 10 03 01 07 15 10 01 04 06 01 11 07 01 10 12 14 05 12 06 04 04 06 08 19 01 11 17    044.36 038.11 033.46 043.32 044.20 031.47 045.60 032.83 048.53 054.50 023.55 018.82 028.56 036.70 038.20 025.37 009.26 025.73 039.24 042.17 037.86 046.54 017.02 021.70 027.17 035.96 028.72 030.02 039.37 045.54 043.18 
12 08 07 13 07 11 15 17 02 07 04 08 15 07 17 01 08 04 01 12 07 15 03 10 04 01 07 06 01 03 12 09    047.34 039.64 037.41 045.30 043.30 031.88 042.32 036.13 049.02 053.96 020.93 017.63 028.93 031.79 038.21 026.98 007.53 021.70 033.65 039.86 040.19 047.91 023.20 022.36 034.28 041.03 029.20 031.14 040.64 052.37 046.15 
16 04 07 01 15 17 10 17 01 20 07 12 15 11 10 04 12 14 07 19 09 14 11 15 11 05 10 15 02 14 03 08    047.37 041.24 036.86 047.71 038.56 025.67 037.11 034.45 050.44 049.05 014.76 015.62 031.24 026.98 034.61 028.76 008.36 015.98 031.57 040.62 042.43 044.57 023.36 025.46 037.63 039.93 028.05 032.79 035.11 052.70 044.60 
07 16 07 07 11 05 15 15 03 06 14 08 16 12 08 01 04 08 17 12 03 17 08 01 11 17 02 01 10 01 19 17    046.27 039.28 034.08 048.66 032.23 024.02 034.26 033.28 050.02 045.80 010.80 013.31 030.14 021.00 031.97 024.31 006.66 011.54 026.97 039.81 040.57 047.05 020.73 024.91 038.96 041.16 032.32 031.85 037.14 050.23 047.29 
05 01 11 10 15 12 20 05 10 16 19 07 08 20 02 20 17 17 11 11 17 15 03 01 10 09 18 11 06 03 01 10    040.90 035.51 034.13 046.80 028.19 025.37 031.24 032.77 044.38 039.06 011.16 010.99 026.21 015.37 032.87 019.70 005.76 008.94 022.74 035.68 038.11 045.96 020.33 023.60 039.20 038.65 033.73 029.79 038.49 049.62 044.64 
07 16 07 14 07 07 17 19 01 03 17 18 03 12 03 07 10 06 12 08 16 09 11 07 07 08 05 08 08 16 14 11    036.17 034.97 033.08 043.35 024.11 026.56 024.53 031.25 040.20 037.17 014.02 010.81 018.98 012.52 028.44 014.81 006.30 013.48 023.66 033.98 033.31 042.93 016.87 020.91 037.87 036.76 031.22 031.88 036.06 046.65 044.68 
19 14 07 18 18 07 07 14 04 09 14 14 13 15 07 14 05 01 19 01 09 02 09 14 01 19 05 14 17 04 07 11    032.63 033.26 030.49 038.23 016.77 024.95 019.78 031.63 040.80 031.86 012.17 011.33 016.30 009.91 024.43 011.71 005.57 012.87 019.15 035.62 032.56 042.02 021.72 024.71 036.68 034.09 033.71 032.71 037.68 045.40 041.64 
18 07 10 08 17 17 13 16 11 11 03 11 07 09 16 20 17 19 04 14 06 11 10 18 10 07 10 02 04 12 12 04    026.10 031.62 026.87 035.18 016.11 025.06 018.99 029.79 038.11 029.47 014.71 014.59 016.64 011.68 018.71 008.85 006.16 015.98 017.76 034.48 032.52 038.26 022.41 026.23 035.10 033.44 035.06 029.51 041.33 045.79 039.48 
02 05 20 11 15 07 01 04 01 10 11 03 02 19 01 10 15 05 14 03 14 09 11 11 04 14 07 19 11 10 14 06    024.82 027.31 021.72 030.83 011.56 026.18 013.93 026.16 031.83 024.30 015.19 017.10 012.49 011.64 016.80 013.39 005.30 015.80 017.49 034.85 035.63 037.29 022.38 031.99 034.43 030.93 036.30 031.35 041.16 043.60 037.44 
14 11 10 12 14 01 17 06 03 08 01 10 15 17 09 07 16 17 08 01 14 11 10 12 15 05 03 11 12 06 11 17    020.62 024.93 019.11 028.60 013.13 022.74 009.94 027.14 033.24 024.32 014.25 015.61 014.24 012.16 022.05 012.09 007.30 021.49 020.46 036.41 033.87 031.55 022.39 030.93 030.37 026.69 033.21 030.29 038.33 040.99 032.74 
07 11 07 20 12 10 10 02 08 10 06 02 01 10 05 09 04 15 17 03 12 11 12 19 08 14 08 07 12 14 17 19    021.64 021.20 015.22 026.03 009.54 018.28 010.40 023.74 035.54 020.08 014.73 018.48 020.85 015.23 024.80 015.65 009.95 025.63 023.57 038.08 032.80 028.43 024.30 031.84 029.02 021.02 033.52 027.24 034.48 039.45 031.26 
15 10 05 14 03 05 20 13 19 04 14 05 01 17 11 18 02 14 03 08 03 08 05 02 04 03 04 07 09 05 20 04    023.00 020.56 017.64 023.37 014.58 018.42 014.08 026.46 036.15 024.79 017.65 016.20 025.67 016.09 024.06 015.75 014.83 028.04 024.95 042.32 033.61 021.18 020.37 027.30 029.04 015.57 028.18 026.11 034.51 035.40 031.96 
07 07 07 12 05 08 04 12 12 11 05 07 05 14 02 03 04 08 19 11 15 14 12 07 02 17 16 02 07 03 10 08    021.61 021.60 021.20 026.79 017.67 024.55 014.63 033.29 037.88 024.97 016.79 013.45 024.21 019.72 025.64 017.64 018.43 028.77 028.91 044.92 035.19 019.33 025.19 021.58 029.11 016.87 030.36 030.59 034.66 038.41 037.44 
10 17 07 05 10 16 13 12 03 15 01 11 01 07 03 02 19 10 11 14 15 19 07 06 12 01 07 01 11 12 10 17    020.25 019.86 022.62 026.82 017.31 026.48 013.94 035.87 040.67 030.53 023.10 015.65 028.38 021.69 031.24 016.94 020.33 031.58 034.54 041.85 031.51 013.40 024.59 017.21 025.00 012.69 025.23 025.81 032.11 033.20 034.12 
10 03 01 10 11 06 07 16 06 08 08 10 12 15 05 12 17 05 17 02 07 03 12 11 01 02 08 10 11 11 12 09    023.79 019.36 027.17 028.83 018.60 033.92 019.51 036.15 042.27 031.98 022.81 019.15 033.65 027.28 029.52 017.78 019.93 035.04 040.93 044.85 034.50 010.58 023.72 012.01 025.68 012.89 022.33 027.23 031.29 034.75 032.98 
06 15 03 07 12 07 01 11 11 11 05 07 09 08 07 03 07 17 07 01 09 12 20 03 04 16 07 10 14 17 06 10    023.48 018.67 028.30 033.35 023.85 038.24 019.12 037.90 040.65 030.43 021.12 018.89 033.69 028.64 025.60 015.16 022.81 035.79 041.28 039.64 036.76 013.23 023.06 014.46 027.45 013.86 025.59 026.41 035.65 036.25 036.33 
