AA0 AA1 AA2 AA3 AA4 AA5 AA6 AA7 AA8 AA9 AA10 AA11 AA12 AA13 AA14 AA15 AA16 AA17 AA18 AA19 AA20 AA21 AA22 AA23 AA24 AA25 AA26 AA27 AA28 AA29 AA30 AA31 D-16-0 D-16-1 D-16-2 D-16-3 D-16-4 D-16-5 D-16-6 D-16-7 D-16-8 D-16-9 D-16-10 D-16-11 D-16-12 D-16-13 D-16-14 D-16-15 D-16-17 D-16-18 D-16-19 D-16-20 D-16-21 D-16-22 D-16-23 D-16-24 D-16-25 D-16-26 D-16-27 D-16-28 D-16-29 D-16-30 D-16-31 
05 11 15 14 01 03 12 17 04 05 12 01 01 18 07 12 05 07 01 06 01 07 08 16 07 01 08 01 11 08 02 13    023.24 020.24 021.42 020.23 018.76 016.69 015.52 014.66 012.70 010.61 010.02 009.03 006.60 004.96 005.37 003.80 003.73 006.30 005.43 005.57 009.29 009.56 008.19 010.42 013.28 012.85 013.23 016.23 017.79 017.66 019.21 
11 15 14 01 03 12 17 04 05 12 01 01 18 07 12 05 07 01 06 01 07 08 16 07 01 08 01 11 08 02 13 19    021.53 022.66 021.05 020.11 018.28 016.40 015.51 014.41 012.13 010.42 010.03 008.86 006.33 005.12 005.16 003.73 003.72 005.37 005.77 009.15 010.34 010.18 011.75 014.49 014.91 015.59 018.06 019.80 020.26 021.63 024.04 
15 14 01 03 12 17 04 05 12 01 01 18 07 12 05 07 01 06 01 07 08 16 07 01 08 01 11 08 02 13 19 11    026.12 024.60 023.77 021.81 019.88 019.17 018.06 015.62 014.00 013.75 012.39 009.77 008.81 008.33 006.30 003.72 003.81 005.52 007.57 008.63 009.85 011.33 013.30 014.18 015.63 017.61 019.03 020.11 021.68 023.58 024.93 
14 01 03 12 17 04 05 12 01 01 18 07 12 05 07 01 06 01 07 08 16 07 01 08 01 11 08 02 13 19 11 15    025.17 023.97 021.67 020.29 019.79 018.00 015.52 014.80 014.31 011.99 009.76 009.95 008.53 005.43 005.37 003.81 003.80 005.71 005.40 006.38 008.60 010.29 010.61 012.32 014.55 015.62 016.54 018.41 020.32 021.40 022.29 
01 03 12 17 04 05 12 01 01 18 07 12 05 07 01 06 01 07 08 16 07 01 08 01 11 08 02 13 19 11 15 19    022.17 019.51 018.02 018.18 016.50 013.48 013.08 013.45 011.07 008.15 009.47 009.24 005.57 005.77 005.52 003.80 003.83 005.53 005.33 006.08 008.84 009.82 010.50 012.49 014.40 015.31 016.46 018.57 020.16 020.81 021.90 
03 12 17 04 05 12 01 01 18 07 12 05 07 01 06 01 07 08 16 07 01 08 01 11 08 02 13 19 11 15 19 14    022.64 021.15 021.67 020.01 016.81 016.56 017.22 014.77 011.81 013.22 012.97 009.29 009.15 007.57 005.71 003.83 003.84 005.49 004.77 006.29 008.51 009.77 010.68 012.47 014.27 015.28 016.69 018.57 019.82 020.72 021.69 
12 17 04 05 12 01 01 18 07 12 05 07 01 06 01 07 08 16 07 01 08 01 11 08 02 13 19 11 15 19 14 17    022.98 023.17 021.01 018.19 018.30 018.25 015.34 013.11 014.45 013.16 009.56 010.34 008.63 005.40 005.53 003.84 003.82 005.26 005.26 006.09 008.60 010.02 010.69 012.34 014.24 015.54 016.72 018.17 019.70 020.68 022.55 
17 04 05 12 01 01 18 07 12 05 07 01 06 01 07 08 16 07 01 08 01 11 08 02 13 19 11 15 19 14 17 17    020.69 018.19 015.47 016.23 016.12 012.84 011.04 013.14 011.83 008.19 010.18 009.85 006.38 005.33 005.49 003.82 003.79 005.47 004.77 005.96 008.58 009.71 010.28 012.06 014.18 015.24 015.96 017.54 019.13 020.90 017.91 
04 05 12 01 01 18 07 12 05 07 01 06 01 07 08 16 07 01 08 01 11 08 02 13 19 11 15 19 14 17 17 12    019.14 015.94 016.78 017.49 014.47 012.08 014.58 014.18 010.42 011.75 011.33 008.60 006.08 004.77 005.26 003.79 003.80 005.40 005.25 006.44 008.80 010.07 010.70 012.58 014.53 015.36 016.14 017.44 018.70 015.37 015.84 
05 12 01 01 18 07 12 05 07 01 06 01 07 08 16 07 01 08 01 11 08 02 13 19 11 15 19 14 17 17 12 17    019.65 020.49 020.99 017.85 015.63 017.88 017.04 013.28 014.49 013.30 010.29 008.84 006.29 005.26 005.47 003.80 003.84 005.45 005.14 006.28 008.73 009.82 010.65 012.45 014.15 015.15 015.76 017.47 014.37 014.00 017.24 
12 01 01 18 07 12 05 07 01 06 01 07 08 16 07 01 08 01 11 08 02 13 19 11 15 19 14 17 17 12 17 16    020.52 020.45 016.96 015.49 017.84 016.34 012.85 014.91 014.18 010.61 009.82 008.51 006.09 004.77 005.40 003.84 003.81 005.52 005.19 006.27 008.64 010.08 010.81 012.13 013.97 015.13 017.39 014.77 014.76 018.31 017.29 
01 01 18 07 12 05 07 01 06 01 07 08 16 07 01 08 01 11 08 02 13 19 11 15 19 14 17 17 12 17 16 19    019.52 016.02 014.68 017.63 016.64 013.23 015.59 015.63 012.32 010.50 009.77 008.60 005.96 005.25 005.45 003.81 003.85 005.41 005.11 006.14 008.72 010.00 010.33 011.60 013.39 015.15 012.39 013.27 016.58 015.47 014.84 
01 18 07 12 05 07 01 06 01 07 08 16 07 01 08 01 11 08 02 13 19 11 15 19 14 17 17 12 17 16 19 14    019.30 017.53 020.47 019.83 016.23 018.06 017.61 014.55 012.49 010.68 010.02 008.58 006.44 005.14 005.52 003.85 003.79 005.51 004.97 006.17 008.62 009.80 010.18 011.05 012.56 009.53 009.82 013.13 011.93 011.02 014.18 
18 07 12 05 07 01 06 01 07 08 16 07 01 08 01 11 08 02 13 19 11 15 19 14 17 17 12 17 16 19 14 06    019.82 022.53 021.30 017.79 019.80 019.03 015.62 014.40 012.47 010.69 009.71 008.80 006.28 005.19 005.41 003.79 003.81 005.29 005.17 006.21 008.43 009.87 010.27 012.79 010.60 010.08 013.81 013.51 012.06 014.49 015.42 
07 12 05 07 01 06 01 07 08 16 07 01 08 01 11 08 02 13 19 11 15 19 14 17 17 12 17 16 19 14 06 19    022.26 020.84 017.66 020.26 020.11 016.54 015.31 014.27 012.34 010.28 010.07 008.73 006.27 005.11 005.51 003.81 003.85 005.67 005.30 005.87 008.21 009.87 012.56 010.88 011.43 015.03 015.14 014.52 016.98 018.46 015.53 
12 05 07 01 06 01 07 08 16 07 01 08 01 11 08 02 13 19 11 15 19 14 17 17 12 17 16 19 14 06 19 03    022.48 019.21 021.63 021.68 018.41 016.46 015.28 014.24 012.06 010.70 009.82 008.64 006.14 004.97 005.29 003.85 003.80 005.42 005.15 005.52 007.44 009.32 007.31 008.66 011.92 011.96 012.09 014.76 016.66 014.30 014.67 
05 07 01 06 01 07 08 16 07 01 08 01 11 08 02 13 19 11 15 19 14 17 17 12 17 16 19 14 06 19 03 11    021.92 024.04 023.58 020.32 018.57 016.69 015.54 014.18 012.58 010.65 010.08 008.72 006.17 005.17 005.67 003.80 003.77 005.70 005.50 005.17 007.70 006.17 005.88 009.54 010.25 009.74 011.77 013.89 011.56 011.68 008.04 
07 01 06 01 07 08 16 07 01 08 01 11 08 02 13 19 11 15 19 14 17 17 12 17 16 19 14 06 19 03 11 15    025.35 024.93 021.40 020.16 018.57 016.72 015.24 014.53 012.45 010.81 010.00 008.62 006.21 005.30 005.42 003.77 003.79 005.77 005.84 009.40 009.14 008.85 012.32 013.69 013.11 014.56 016.78 014.30 013.59 009.77 010.31 
01 06 01 07 08 16 07 01 08 01 11 08 02 13 19 11 15 19 14 17 17 12 17 16 19 14 06 19 03 11 15 06    025.80 022.29 020.81 019.82 018.17 015.96 015.36 014.15 012.13 010.33 009.80 008.43 005.87 005.15 005.70 003.79 003.84 006.17 009.10 009.21 010.36 013.34 014.72 015.06 016.82 019.35 017.19 016.98 013.20 014.05 013.81 
06 01 07 08 16 07 01 08 01 11 08 02 13 19 11 15 19 14 17 17 12 17 16 19 14 06 19 03 11 15 06 07    023.90 021.90 020.72 019.70 017.54 016.14 015.15 013.97 011.60 010.18 009.87 008.21 005.52 005.50 005.77 003.84 003.80 005.55 006.03 007.99 010.30 011.86 012.96 014.70 017.61 016.09 016.64 013.14 014.92 015.49 017.98 
01 07 08 16 07 01 08 01 11 08 02 13 19 11 15 19 14 17 17 12 17 16 19 14 06 19 03 11 15 06 07 15    023.45 021.69 020.68 019.13 017.44 015.76 015.13 013.39 011.05 010.27 009.87 007.44 005.17 005.84 006.17 003.80 003.80 005.31 005.53 007.76 010.15 010.82 011.77 014.94 013.71 014.18 010.94 012.92 014.35 017.09 016.52 
07 08 16 07 01 08 01 11 08 02 13 19 11 15 19 14 17 17 12 17 16 19 14 06 19 03 11 15 06 07 15 01    022.96 022.55 020.90 018.70 017.47 017.39 015.15 012.56 012.79 012.56 009.32 007.70 009.40 009.10 005.55 003.80 003.78 005.29 005.60 008.17 010.09 011.04 014.51 014.15 015.52 012.82 015.50 017.27 019.64 018.55 020.86 
08 16 07 01 08 01 11 08 02 13 19 11 15 19 14 17 17 12 17 16 19 14 06 19 03 11 15 06 07 15 01 09    019.48 017.91 015.37 014.37 014.77 012.39 009.53 010.60 010.88 007.31 006.17 009.14 009.21 006.03 005.31 003.78 003.83 005.22 005.91 007.79 009.94 012.81 012.10 013.86 011.24 014.28 015.79 017.57 016.38 018.21 015.47 
16 07 01 08 01 11 08 02 13 19 11 15 19 14 17 17 12 17 16 19 14 06 19 03 11 15 06 07 15 01 09 05    018.37 015.84 014.00 014.76 013.27 009.82 010.08 011.43 008.66 005.88 008.85 010.36 007.99 005.53 005.29 003.83 003.80 005.20 005.31 006.74 009.72 008.90 010.45 008.09 011.33 013.51 015.42 013.76 015.88 013.16 011.51 
07 01 08 01 11 08 02 13 19 11 15 19 14 17 17 12 17 16 19 14 06 19 03 11 15 06 07 15 01 09 05 12    018.80 017.24 018.31 016.58 013.13 013.81 015.03 011.92 009.54 012.32 013.34 010.30 007.76 005.60 005.22 003.80 003.81 005.65 005.99 009.51 010.18 012.45 010.99 014.41 016.98 018.75 016.65 018.45 015.34 014.33 018.01 
01 08 01 11 08 02 13 19 11 15 19 14 17 17 12 17 16 19 14 06 19 03 11 15 06 07 15 01 09 05 12 07    015.58 017.29 015.47 011.93 013.51 015.14 011.96 010.25 013.69 014.72 011.86 010.15 008.17 005.91 005.20 003.81 003.83 006.05 008.37 009.09 012.12 011.11 014.84 017.12 018.16 015.84 016.90 013.44 012.62 016.12 015.78 
08 01 11 08 02 13 19 11 15 19 14 17 17 12 17 16 19 14 06 19 03 11 15 06 07 15 01 09 05 12 07 06    015.84 014.84 011.02 012.06 014.52 012.09 009.74 013.11 015.06 012.96 010.82 010.09 007.79 005.31 005.65 003.83 003.80 005.23 005.26 008.40 007.96 011.74 014.27 015.06 012.39 013.48 010.05 009.75 013.41 013.15 010.57 
01 11 08 02 13 19 11 15 19 14 17 17 12 17 16 19 14 06 19 03 11 15 06 07 15 01 09 05 12 07 06 07    018.01 014.18 014.49 016.98 014.76 011.77 014.56 016.82 014.70 011.77 011.04 009.94 006.74 005.99 006.05 003.80 003.81 005.51 008.15 008.57 012.02 015.24 016.41 013.44 014.90 011.75 012.17 015.87 015.70 013.68 016.10 
11 08 02 13 19 11 15 19 14 17 17 12 17 16 19 14 06 19 03 11 15 06 07 15 01 09 05 12 07 06 07 12    014.94 015.42 018.46 016.66 013.89 016.78 019.35 017.61 014.94 014.51 012.81 009.72 009.51 008.37 005.23 003.81 003.80 006.96 008.87 012.07 015.20 015.56 012.10 012.80 009.56 011.11 014.45 013.69 012.25 015.28 017.59 
08 02 13 19 11 15 19 14 17 17 12 17 16 19 14 06 19 03 11 15 06 07 15 01 09 05 12 07 06 07 12 12    012.19 015.53 014.30 011.56 014.30 017.19 016.09 013.71 014.15 012.10 008.90 010.18 009.09 005.26 005.51 003.80 003.76 005.55 008.71 011.55 011.79 008.42 009.46 006.44 007.64 011.05 010.93 009.84 012.47 014.98 014.87 
02 13 19 11 15 19 14 17 17 12 17 16 19 14 06 19 03 11 15 06 07 15 01 09 05 12 07 06 07 12 12 05    015.03 014.67 011.68 013.59 016.98 016.64 014.18 015.52 013.86 010.45 012.45 012.12 008.40 008.15 006.96 003.76 003.83 005.60 008.73 009.22 005.90 008.04 006.48 007.54 010.53 011.40 011.25 013.24 015.74 016.50 017.09 